livre.chapitre.verset,Francais,Anglais,BIBALDA_TA_PELDETTA,Bulu,Guiziga,Fulfulde_Adamaoua,Fulfulde_DC,KALATA_KO_SC_Gbaya,KALATA_KO_DC_Gbaya,Kapsiki_DC,Tupurri
JOL.1.1," Parole de Yahweh qui fut  adressée  à Joël, fils de Phatuel.",The word of the  Lord  that came to Joel the son of Pethuel.,"Ma-Vatɗina di yoboyn tam Jowel, goora vi Petuwel ala:","Nkobô Nti wu ô nga kui be Yôél, e mone Pétuél.","Bumbulvuŋ miɓa ɓi da Zowel, mangal ngi Petuwel.","Jawmiraawo wolwani Yo'el ɓii Petuwel, wi'i:","Jawmiraawo wolwani Yo'el ɓii Petuwel, wi'i:",Wen nɛ GASA WAN tɔ̧ɔ̧ ha̧ Jɔɛl bem ko Pɛtuɛl nɛ mɔ'ɔ.,Wen nɛ GASA WAN tɔ̧ɔ̧ ha̧ Jɔɛl bem ko Pɛtuɛl nɛ mɔ'ɔ.,"Ghena nya gezete nda Mahwətə ke Zhowɛl, wəzege ta Petəwɛl.",Waçaçre maga Manwur waçaç ne Jowel je ni Petuweln mono.
JOL.1.2," Écoutez ceci, vieillards ; prêtez l'oreille,  vous  tous habitants du pays ! Pareille chose est-elle arrivée de vos jours, ou bien dans les jours de vos pères ?","Hear this, ye old men, and give ear, all ye inhabitants of the land. Hath this been in your days, or even in the days of your fathers?","Humgi dit kayni nigi sa maariyana, jakgi humgiya, nigi sum sa hay nagat kafna, law ta ki kayn nala li kir sumaygi ka li su? Lebo li kirgi nigi ka li su?","Vôʼôlaʼane jame dina, a mia bemvendé be bôt kuʼane melo menane mese a mia bôt mi too Yuda! Ye avale jame di e tameya boban nté mi nyiñeya, nge melu benyô mvam ?","Kum mizli micawwahay, cinam ɗagay, kum mizli ngi si ruwuy Zudahay gar, jikaka slimiɗe. Gwat misi kahana a gi le ɗaˀ mur kumo malla mur dideˀ kumoyo kwa?","Onon ndotti'en, nane ko mbi'anmi! Onon jooɗiiɓe lesdi Yahuuda fuu, keɗite! Irin ɗu'um meeɗi laataago nder nyalɗe mooɗon koo nder nyalɗe kaakiraaɓe mooɗon na? ","Onon ndotti'en, nane ko mbi'anmi! Onon jooɗiiɓe lesdi Yahuuda fuu, keɗite! Irin ɗu'um meeɗi laataago nder nyalɗe mooɗon koo nder nyalɗe kaakiraaɓe mooɗon na? ","Ɛnɛ o  kuti-wi , ɛ̀nɛ̀ zíí wen’ɛ; ɛnɛ o bíí nu Juda lɛŋ, ɛ̀nɛ̀ yéŋ zer'nɛ́. Pɛrti mɔ hegɔ hɔɔ tɛ ŋgimbi k’ɛ́nɛ́, kóó tɛ ŋgimbi ko o zɔmdáa k’ɛ́nɛ́ nɛti kaɗi?","Ɛnɛ o  kuti-wi , ɛ̀nɛ̀ zíí wen’ɛ; ɛnɛ o bíí nu Juda lɛŋ, ɛ̀nɛ̀ yéŋ zer'nɛ́. Pɛrti mɔ hegɔ hɔɔ tɛ ŋgimbi k’ɛ́nɛ́, kóó tɛ ŋgimbi ko o zɔmdáa k’ɛ́nɛ́ nɛti kaɗi?","Gheyɛ mbelia jama, fa mə ghena nya, gheyɛ pɛtɛa ka Zhəwda, ghwene mə sleme. Nahe wəsə nya kala nya kegha kamenete geva te vəa ŋayɛ keɗema te vəa ka shihɛ ŋayɛ na?","Laa wee waçaçre ma kay no, nday jar kluuri no! Co' wee sug äay, nday äuy jar ma äi sir Juda no! Ree ma dosen no kay joñ mbe we ti boñ nen äay, Noga nen paçaçre äay wo yawla?"
JOL.1.3," Faites-en le récit à vos enfants, et vos enfants à leurs enfants, et leurs enfants à une autre génération.","Tell ye your children of it, and let your children tell their children, and their children another generation.","Nigi ma vi labar namna mi gurona vigiya, gurona vigi ma vi labar namna tam guro-misina. guro-misina ma vi labar namna tam jafsi voksi ɗaw.","Kañetaʼane jame te e be bone benan, a bone benane ki e be bone bap a bone bap e be miaé wo tôñe valé!","Slufaka ɓi nah da ziri kumoy, ziri kumoy a sa slufaka da ziri taŋhay, yo taŋ kwana, a sa slufaka da tizer taŋ nga mbuŋ ya.","Ngecce ɗum ɓiɓɓe mooɗon, ɓiɓɓe mooɗon boo ngecca ɗum ɓiɓɓe muuɗum'en. Kamɓe fahin ngecca ɗum yidere warannde ɓaawoɗon. ","Ngecce ɗum ɓiɓɓe mooɗon, ɓiɓɓe mooɗon boo ngecca ɗum ɓiɓɓe muuɗum'en. Kamɓe fahin ngecca ɗum yidere warannde ɓaawoɗon. ","Ɛ̀nɛ̀ tɔ̧́ nyɛrɛ mɔ'ɔ ha̧ o bem k’ɛ́nɛ́, ɓɛɛ o bem k’ɛ́nɛ́ tɔ̧ɔ̧ kɔ‘i ha̧ o bezaŋ-wa, ɓɛɛ o bezaŋ tɔ̧ɔ̧ ha̧ o bezaŋ mɛ ɗoŋ.","Ɛ̀nɛ̀ tɔ̧́ nyɛrɛ mɔ'ɔ ha̧ o bem k’ɛ́nɛ́, ɓɛɛ o bem k’ɛ́nɛ́ tɔ̧ɔ̧ kɔ‘i ha̧ o bezaŋ-wa, ɓɛɛ o bezaŋ tɔ̧ɔ̧ ha̧ o bezaŋ mɛ ɗoŋ.","Ɓela nda mə ghena shɛ ke ŋwalea ŋayɛ, kateɓela nda ŋkɛ hɛ ke ŋwalea nci, kezha ɓela nda ŋkɛ ŋwalea nci ke mbeli nyi keteya kwa sebe ta nci.","Fern wee ne weere äay wo nen maga aà mo fern wo ne weere äaara wo, Day weere äaara mo siin wo ne jar ni äaara wo lay."
JOL.1.4," Ce qu'a laissé le gazam, la sauterelle l'a dévoré ; ce qu'a laissé la sauterelle, le yéleq l'a dévoré ; ce qu'a laissé le yéleq, le chasil l'a dévoré.",That which the palmerworm hath left hath the locust eaten; and that which the locust hath left hath the cankerworm eaten; and that which the cankerworm hath left hath the caterpiller eaten.,"Wa ma hin kuɗ bar ɓok-ɓokona, baar-jeren tumawa, wa ma hin kuɗ baar-jerena, girim-girim tumawa, wa ma hin kuɗ girim-girimna, baar-bobon tumawa.","Jôme nkôñ ô nga lik, étandak é mineya je, a jôm étandak é liʼiya, aselek é diya je; jôm aselek é nga lik, mbaʼa a diya je.","Gwat ngi migam, misi mi ngi mumuyuŋ na, yuk a zuma le tirneˀ, yo misi mi ngi yuko, tuˀuf a zuma le tirneˀ, waɗ misi mi ngi tuˀufo, jaray a zuma le leɗeɗ.","Ko nyaamoowu acci, mbaɓɓattu nyaami ɗum. Ko mbaɓɓattu acci, ngilŋgu maagu nyaami ɗum. Ko ngilŋgu acci, ndo'u nyaami ɗum.","Ko nyaamoowu acci, mbaɓɓattu nyaami ɗum. Ko mbaɓɓattu acci, ngilŋgu maagu nyaami ɗum. Ko ngilŋgu acci, ndo'u nyaami ɗum.","Mɔ nɛ nàá-dɔɔsɔ̧ɔ̧ ea, nàá-wazala nyɔŋa. Mɔ nɛ nàá-wazala ea, nɛ́ gba-dɔya a̧ nyɔŋa; mɔ nɛ gba-dɔya ea, nɛ́ ndondo-gba-dɔya a̧ nyɔŋa yinɛ lɛŋ.","Mɔ nɛ nàá-dɔɔsɔ̧ɔ̧ ea, nàá-wazala nyɔŋa. Mɔ nɛ nàá-wazala ea, nɛ́ gba-dɔya a̧ nyɔŋa; mɔ nɛ gba-dɔya ea, nɛ́ ndondo-gba-dɔya a̧ nyɔŋa yinɛ lɛŋ.","Ma wəshi nyi ketene yitea mɛa yɛ geteɗə te wəve ne, nahe yɛ dzale kezehwe hɛ. Ma nyi ketene yitea mɛa yɛ dzale ne, nahe yɛ zhamaya kezehwe hɛ. Ma nyi ketene yitea mɛa yɛ zhamaya ne, nahe yɛ jagha kezehwe hɛ.","Coore maga gwa' jag degornog ni mono, magalga reen go. Maga gwa' jag magalga ni mono, gejer reen go lay. Maga gwa' jag gejer ni mono, mapoë reen go äuy lay."
JOL.1.5," Réveillez-vous, ivrognes, et pleurez ;  vous  tous, buveurs de vin, lamentez-vous, à cause du vin nouveau ; car il vous est retiré de la bouche.","Awake, ye drunkards, and weep; and howl, all ye drinkers of wine, because of the new wine; for it is cut off from your mouth.","Zliygi kulo'o, nigi sum sa hiwiri kay dolayna, tiygiya. Kay vuɗ gulda-guldana ma li vin ma jibetna hiɗi namna, nigi ma fum loɗi.","Veʼan ayo, mia besoʼo bilam, mi yôn! Mia benyuu bilam, yônane mia bese; mia ye bo teke mfefé woon amu bibuma bi ndiʼi woone momo.","Kum muwam le, puɗkam, tuwam, kum misi mbaazlahay gar, tuwam kaɗam kaɗam, asi kum anta sa lumam mbaazla si mata.","Onon wuykooɓe, pine, mboye! Onon yarooɓe inaboojam, mboye, ngam inaboojam kesam ittaama e kunnduɗe mooɗon! ","Onon wuykooɓe, pine, mboye! Onon yarooɓe inaboojam, mboye, ngam inaboojam kesam ittaama e kunnduɗe mooɗon! ","Ɛ̀nɛ̀ tún, o wi-gbɛ-dɔ̧ɔ̧, ɛ̀nɛ̀ hí̧í̧ kɔ̧a̧; ɛnɛ o wi-nɔ-dɔ̧ɔ̧ lɛŋ, ɛ̀nɛ̀ áí nú‘nɛ́ wen nɛ̀ mbe dɔ̧ɔ̧ bo h’ɛ́nɛ́ mɛ nɔ ɓɔna.","Ɛ̀nɛ̀ tún, o wi-gbɛ-dɔ̧ɔ̧, ɛ̀nɛ̀ hí̧í̧ kɔ̧a̧; ɛnɛ o wi-nɔ-dɔ̧ɔ̧ lɛŋ, ɛ̀nɛ̀ áí nú‘nɛ́ wen nɛ̀ mbe dɔ̧ɔ̧ bo h’ɛ́nɛ́ mɛ nɔ ɓɔna.","Ka ghwəyi ghwəyi, feɗeghe mə ba'a nehwene mə! Gheyɛ pɛtɛa ka sa tɛ, ŋgaɗe mə ghəa ŋayɛ, katezhɛne tɛ mɛnɛfɛ kadzete mɛa ŋayɛ we.","Puçy wee go, nday jar taëge de yii no, laa wee ro! Law wee see äay, nday jar joo yii no! Gahaçyla, aè naa ge yii yañ go wee jage!"
JOL.1.6," Car un peuple est monté sur mon pays, puissant et innombrable ; ses dents sont des dents de lion, et il a des mâchoires de lionne.","For a nation is come up upon my land, strong, and without number, whose teeth are the teeth of a lion, and he hath the cheek teeth of a great lion.","Kay sum sa dono'o coyawa, nisi mok nagata vanawa, nisi dono ŋolo, sa as ŋaɓsiɗi, siysi ki siy zlon nala, Gaŋsi ki gaŋ zlo-tancat nala.","Nkane bitandak ô yianeya si jangan. Bi nʼayok, tekʼalañé, bia jiane jôm ése ane mesôñe me ngbwengbwem nge minkekeʼe mi ngale ngbwengbwem.","Mizli a zlaka hirwuy ɗu le ngi kiɗa vu, taŋ gidaŋ haɗi, yo a slufam ta. Taŋ ti sliŋ kaɓa ngi mobor, mi taŋhayakaɓa ngi madiya moboroy.","Ummaatoore semmbiɗnde, nde walaa limgal, ukkani lesdi am. Nyii'e maare nanndi bee nyii'e barooɗe, ƴakkirɗe maare bana ɗe mbarooga ndewa . ","Ummaatoore semmbiɗnde, nde walaa limgal, ukkani lesdi am. Nyii'e maare nanndi bee nyii'e barooɗe, ƴakkirɗe maare bana ɗe mbarooga ndewa . ","O gii gba-dɔya bi nɛ nu kɔ‘m, wa ɔ ŋgaya, wi nyɛm mɛ tɔr wa na; gba̧a̧-nin-wa nɛ́ nin dila, o goko-wa nɛ́ goko nana dila.","O gii gba-dɔya bi nɛ nu kɔ‘m, wa ɔ ŋgaya, wi nyɛm mɛ tɔr wa na; gba̧a̧-nin-wa nɛ́ nin dila, o goko-wa nɛ́ goko nana dila.","Nahe ləmbəa yɛ dzale kepesleyi geva te hɛɗia n'yɛ. Nahe hɛ kenza keberete beretenji, kaɓelate hɛ mbeli we. Nahe yɛ slene ta nci kenza kala ŋa nivɛrə, nahe yɛ ghweleme ta nci kenza kala ŋa ŋemalea nivɛrə.","Jar po wo de le' Israyel sir mani äi no. AÀ wo de eegre debañ, wo ngaäa debañ lay. Sañ äaara do sañ mingir nono. Way äaara do ma man mingir no lay."
JOL.1.7," Il a dévasté ma vigne, et mis en morceaux mon figuier ; il les a pelés complètement et abattus ; les rameaux sont devenus tout blancs.","He hath laid my vine waste, and barked my fig tree: he hath made it clean bare, and cast it away; the branches thereof are made white.","Nisi ɓulak sinena van ma gulda-guldanawa; gu-gumna vanu nisi kaam iramawa goy ne; ne', hom ɓulokomawa goyo, kaamawa goy gaa'a, hum gulda-guldana ɓoy goy haɓi.","Nkane te ô maneya di mefube mindiʼi miangan, a mane ndamane befigié bangan ne meñ. Ba mane kpwele be, a mane soé be bikôbe biap a liʼi ve bifumulu mintyaé.","A tiram ti guva ngi gudubun ɗu kirɗak kirɗak, a hiryaka guva ngi uruf ɗu liɓasl liɓasl wãˀ, a kurɗoko duba taŋhaya kuruɗ kuruɗ, a paka taŋ haŋ saɓaɓaɓa a ruwuy, mbak mihaŋ taŋhaya babara faw.","Nde wili inabohi am, nde yewi ibbi am, nde ɓolti ki fuu, lice maaki fuu purɗi.","Nde wili inabohi am, nde yewi ibbi am, nde ɓolti ki fuu, lice maaki fuu purɗi.","Wa dee ha̧ fɔ-nyak-dɔ̧ɔ̧ kɔ‘m mɛ kifi geemɔ, wa ɓira o te-mbɔra kɔ‘m a nu sɛ́kɛ́ɗɛ́-sɛ́kɛ́ɗɛ́. Wa ɗaŋa mɔ hús-hús, ɓɛɛ gbaa-er-te fɛŋ buu.","Wa dee ha̧ fɔ-nyak-dɔ̧ɔ̧ kɔ‘m mɛ kifi geemɔ, wa ɓira o te-mbɔra kɔ‘m a nu sɛ́kɛ́ɗɛ́-sɛ́kɛ́ɗɛ́. Wa ɗaŋa mɔ hús-hús, ɓɛɛ gbaa-er-te fɛŋ buu.","Nahe hɛ kezhɛrete yɛ rɛzɛŋea n'yɛ kaɓerama, nahe ŋkɛ kezamte sebe te yɛ dasekwa ta n'yɛ. Nahe hɛ kezehwe hɛ, nahe hɛ kempeɗehwe zlapələa nci ba'a nahe hɛ kezhɛrete yɛ dzeve ta nci tɛzlɛzlɛ.","AÀ älag wo pay tlalum äin go, AÀ caa wo koo hoçoç mani äin go, geëeb wo nen äe go lay. Jag do tlalumn hig wo go äuy lay."
JOL.1.8," Désole-toi comme une vierge revêtue du sac, pour  pleurer  l'époux de sa jeunesse.",Lament like a virgin girded with sackcloth for the husband of her youth.,"Yorgi tuwgiya, ki goot-cat ta darayta cuk sligar-bolla ta'a, kay tiy bana' na ma min sla' wulin nala.",Yônan anʼésoé minga é bili ôlun a yônôk nnôme wé a ndôme luk.,"Hislikam tuwuy, kaɓa zuŋ diili muzuɓ zil le wureˀ, matuwuy vagay ngi zil naŋ, naŋ muzuɓa paɗ ngi diili naŋ.","Onon yimɓe, sey on mboya bana derkeejo debbo ɓorniiɗo limce buhuuje  boyanɗo gorum kowɗo ɗum. ","Onon yimɓe, sey on mboya bana derkeejo debbo ɓorniiɗo limce buhuuje  boyanɗo gorum kowɗo ɗum. ",Ɛ̀nɛ̀ pɛ́ see'nɛ́ hee be-zɔŋa nɛ pi̧i̧ laa-zim-fio hi̧i̧ nɛ fio wii-zɔŋa kɔ̧-a̧ ga.,Ɛ̀nɛ̀ pɛ́ see'nɛ́ hee be-zɔŋa nɛ pi̧i̧ laa-zim-fio hi̧i̧ nɛ fio wii-zɔŋa kɔ̧-a̧ ga.,Ŋgaɗe mə ghə kala makwa nya nza wəsə hwa hwə ve kezha nehwene za makwa nta.,Law see äe do may tigli maga lag taçy oçoçbe go ti äe Ma ra je maga hay go de yaçaçge äe nono.
JOL.1.9," Offrandes et libations ont été retranchées de la maison de Yahweh ; ils sont dans le deuil les prêtres, ministres de Yahweh !","The meat offering and the drink offering is cut off from the house of the  Lord ; the priests, the  Lord's  ministers, mourn.","Slen ma vulda hiɗi slen ma yamam goy tam Lawna may ma hay ziyna valam loɗi; muliyan-sa-ɗifinna sa sun Ma-Vatɗina, nisi ka hay godoora.","Mimveane mi fôn nge mi mi woon mi nji fe beta kui nda Zambe. Ajô te betuni be ne meyeb été, mbe be ne ntelane ya saane Nti.","Hapa ngi vul ati mbaazla ngi puslo, anta sa ram di ng'ar hay ngi Bumbulvuŋ mata. Migi mikuli, mizli ngi slra ngi Bumbulvuŋhoyo, a roko ti tuwuy ngi vagay.",Dokke nyaamdu e dokke dufeteeɗe ngoodaa haa suudu Jawmiraawo. Liman'en jagganooɓe Jawmiraawo ɗon cuno. ,Dokke nyaamdu e dokke dufeteeɗe ngoodaa haa suudu Jawmiraawo. Liman'en jagganooɓe Jawmiraawo ɗon cuno. ,"Aa-zɛzɛ nu in ha̧a̧mɔ kɔ̧ Tua ko GASA WAN bo ɓɔna, ɓɛɛ o wi-ɗafi-sɔ̧ nɛ ya nɛ o wi-de-tom ko GASA WAN hi̧i̧ nɛ fio.","Aa-zɛzɛ nu in ha̧a̧mɔ kɔ̧ Tua ko GASA WAN bo ɓɔna, ɓɛɛ o wi-ɗafi-sɔ̧ nɛ ya nɛ o wi-de-tom ko GASA WAN hi̧i̧ nɛ fio.","Kezhɛne mbeli kafəke ha ba'a tɛ kadzembe ghɛa Shala we. Vatse nza ka dzeghe Shala mbe nehwene, ghenci nyi kaka mene slene ta Mahwətə.",Jobo bay age de feçeçre haçge noga de yii ma sii jag äil tiñ mani Manwurn wa so. Jar sië jag maga wo de joñ peele ne Manwur wo go nen lawge.
JOL.1.10," Les champs sont ravagés, le sol est dans le deuil ; car le blé est détruit, le vin nouveau est dans la confusion, l'huile languit.","The field is wasted, the land mourneth; for the corn is wasted: the new wine is dried up, the oil languisheth.","Sle ma hay sinen tiy goy kafe, yam nagat hini goy ɦawa'a kay alkamaren vati goy kafe. vin ma jibetna may loɗi, mula soy goyo.","Mefup me maneya diban, si ébien é nyoñeya ôlun été. Te ke fe fôn, teke fe mendime ya ébuma ndik, teke fe atoé mbon ô ne mfefé.","Guvahaya, i mumusukuɗohoy le tir tir, hirwuy a ro ti tuwuy ngi vagay. Alkamari i mitirnaˀa le, mbaazla dedeɗeke anta mata, zuŋ mal muɗuco wureˀ anta ɗek mata.","Gese mbonni, lesdi ɗon suno, alkamaari natti, inaboojam kesam e nebbam kesam boo jinni. ","Gese mbonni, lesdi ɗon suno, alkamaari natti, inaboojam kesam e nebbam kesam boo jinni. ","Wa ɗaŋa o fɔ lɛŋ, nù hí̧í̧ nɛ́ fio. Wa ɗaŋa alkamaari, mbe dɔ̧ɔ̧ bo ɓɔna, mbe nɔ bo ɓɔna mbɛt.","Wa ɗaŋa o fɔ lɛŋ, nù hí̧í̧ nɛ́ fio. Wa ɗaŋa alkamaari, mbe dɔ̧ɔ̧ bo ɓɔna, mbe nɔ bo ɓɔna mbɛt.","Nahe yɛ wəve kebezemte geva, nahe hɛɗi kenza helaŋe helaŋe. Nahe ha kebezemte geva, nahe tɛ mɛnɛfɛ kekiɗi ba'a nahe n'yi nya lɛnɛa kehase.","Payren älag wo go, sirn go nen lawge. Coore bay wa, coore blen hig go. Yii ma defayn taw go, noo dra' caa wer go lay."
JOL.1.11," Soyez confus, laboureurs, lamentez-vous, vignerons, à cause du froment et de l'orge ; car la moisson des champs est anéantie.","Be ye ashamed, O ye husbandmen; howl, O ye vinedressers, for the wheat and for the barley; because the harvest of the field is perished.","Sum sa zum sinena sutaysi toya, sa pi gulda-guldana ka yor kay fu-alkamarena, hiɗi fu-orgena, kay sa fi a feɗ va hay sinen loɗi.","Bebé mefup be kuya avem Bebé mefube mindik ba yôn amu ateʼe nlem é biya be. Avute fôn a nlisi bi maneya, a bidi bise ba kôan bi ntoo momo.","Kum muhuvoy, gam dəh dəh lambaˀ, kum muhuva gudubunoy, tuwam irslik irslik, vur ɓi ngi daw alkamari ati daw giziŋ kumoyo: gwat ngi migam gar a hiryi le.","Onon remooɓe, cemte! Onon remooɓe inabooje, mboye! Sa'iiruuri e alkamaari e ƴaamle gese fuu mbonni. ","Onon remooɓe, cemte! Onon remooɓe inabooje, mboye! Sa'iiruuri e alkamaari e ƴaamle gese fuu mbonni. ","Ɛ̀nɛ̀ yá nɛ ɗaŋsee, ɛnɛ o wi-wa-fɔ, ɛ̀nɛ̀ áí nú‘nɛ́ o wi-gun-waya-te wen zu alkamaari in be-fon. Nyɔnɔ sɛn kpɛɛfɔ ɗaŋa lɛŋ.","Ɛ̀nɛ̀ yá nɛ ɗaŋsee, ɛnɛ o wi-wa-fɔ, ɛ̀nɛ̀ áí nú‘nɛ́ o wi-gun-waya-te wen zu alkamaari in be-fon. Nyɔnɔ sɛn kpɛɛfɔ ɗaŋa lɛŋ.","Nahe ka wəza kenza keyirə yirə, kaŋələvə ka mene slene mbe wəvea rɛzɛŋe. Nahe sebe keza te ha ba'a megi, rayɛ sebe te wəshi nyi kese te wəve.","Jar jeegen gay wo go, jar peë tlalum wo go nen lawge lay, Wer coore blen wo de orje no, Werga jobo wee mopo le do äil pay gaa hase."
JOL.1.12," La vigne est dans la confusion, et les figuiers languissent ; le grenadier, et aussi le palmier et le pommier, tous les arbres des champs sont desséchés ; la joie s'est  retirée  confuse,  loin  des enfants des hommes.","The vine is dried up, and the fig tree languisheth; the pomegranate tree, the palm tree also, and the apple tree, even all the trees of the field, are withered: because joy is withered away from the sons of men.","Gulda-guldan soy goyo, gu-gumna humam liwekiya, gu-grenadinna, gu-gomona, gu-pomiyena, hiɗi gu ma hay sinen kaf humam soy goyo. Firit ta jar sumuna sleɗay goy kafe.","Ndiʼi woon ô maneya kôt befigié ki be maneya joʼolan, bilé bia wum bibuma: begrenadié, bedatié a bepômié be maneya wulan. Avak ese e maneya e bôt été.","Gudubun a muˀul le, uruf a guvuˀ le, widis  grenade  , Babazla waɗ widis  pomoy  , na zle widis ngi zum ngir guvahay gar, a muˀulom le. Mumul a kiɗ mi le avu mizli.","Inabohi yoori, ibbi ɗayli, rummaanoohi e dibinoohi e lekki dimanki ɓiɓɓe belɗe e leɗɗe haa ngesa fuu njoori. Nonnon, ko seynata ɓiɓɓe Aadama, ɗayli. ","Inabohi yoori, ibbi ɗayli, rummaanoohi e dibinoohi e lekki dimanki ɓiɓɓe belɗe e leɗɗe haa ngesa fuu njoori. Nonnon, ko seynata ɓiɓɓe Aadama, ɗayli. ","Nyak-dɔ̧ɔ̧ kora lɛŋ, do te-mbɔra ɗaŋa ai a nu, kóɓò, ndɛŋgɛ, ndìà, o te kpɛɛfɔ lɛŋ kora; desee bo mgbara bíí ɓɔna.","Nyak-dɔ̧ɔ̧ kora lɛŋ, do te-mbɔra ɗaŋa ai a nu, kóɓò, ndɛŋgɛ, ndìà, o te kpɛɛfɔ lɛŋ kora; desee bo mgbara bíí ɓɔna.","Nahe yɛ rɛzɛŋe keghwelenji, nahe yɛ dasekwa ketiwɛɗinji. Nahe yɛ kwakweme, yɛ peha, yɛ maŋgwerə, pɛtɛa wəfe nyi keya keghwelenji. Nahe zlama kekiɗinyɛ hwa mbeli.","Tlalumn lwaë go, koo hoçoçn hig go lay. Koo grenadiyen hig go do gomon wo de koo pomiyen no lay. Koore ma äil payren hig wo go äuy. Fruygi bay äil je tabay po wa so."
JOL.1.13," Prêtres, ceignez-vous et poussez des plaintes ; lamentez-vous, ministres de l'autel ! Venez, passez la nuit  vêtus  du sac, ministres de mon Dieu ; car l'offrande et la libation sont retenues  loin  de la maison de votre Dieu.","Gird yourselves, and lament, ye priests: howl, ye ministers of the altar: come, lie all night in sackcloth, ye ministers of my God: for the meat offering and the drink offering is withholden from the house of your God.","Nigi muliyan-sa-ɗifinna, jungi furgiya, tiygiya, Yorgi tuwgiya, nigi sa li lop kulo kay giwin-ma-ɗifinna, nigiyaya cukgi sligar-bolla tigiya kay ti do'olla, burgi gaa hiɗi namu, nigi sa sunda vi Lawna vanu. Kay vulda hiɗi niyn ma yamam goy vok Ma-Vatɗina may hay ziyna valam loɗi yo!","A mia betuni, jaane minkuta a tabane meyeb été! Yônan, mia mia bo ésaé ataʼa metunaʼa! Zaʼan a lôtan alu mi beʼe minkuta, mia mia bo Zambe wom ésaé! Amu mimveane mi fôn, nge mi mi woon mi nji fe beta vebane nda Zambe.","Kum masayay, kam zana ngi vagay, tuwam kaɗam kaɗam, kum migi slra ngir li gi mikulihey, tuwam ˀirslik ˀirslik. Migi slra ngi Buymisemuŋ ndrahay, soko, hinam ti zana ngi vagay ɓaˀ ɓaˀ avu vu, hapa ngi vul ati mbaazla ngi pusl, anta ram di ar hay ngi Buymisemuŋ kumo mata.","Kadde limce buhuuje, mboye, onon liman'en! Uume, onon jaggiiɓe haa hirsirde Jawmiraawo! Ngare, mbaale nder mettamɓeram, onon jagganooɓe Allah am! Ngam dokke nyaamdu e dokke dufeteeɗe ngoodaa haa suudu Allah mooɗon. ","Kadde limce buhuuje, mboye, onon liman'en! Uume, onon jaggiiɓe haa hirsirde Jawmiraawo! Ngare, mbaale nder mettamɓeram, onon jagganooɓe Allah am! Ngam dokke nyaamdu e dokke dufeteeɗe ngoodaa haa suudu Allah mooɗon. ","O wi-ɗafi-sɔ̧, ɛ̀nɛ̀ pí̧ laa-zim-fio, ɛ̀nɛ̀ hí̧í̧ fio; o wi-de-tom zu fara-dɔ-kpoo-sɔ̧, ɛ̀nɛ̀ áí nú‘nɛ́. Ɛnɛ, o wi-de-tom ko Sɔ̧ kɔ‘m, ɛ̀nɛ̀ gáɓí tɛ‘nɛ́ nɛ bufu duk nɛnɛ mɔ sa̧, wen ha̧a̧mɔ in aa-zɛzɛ bo kɔ̧ Tua ko Sɔ̧ k’ɛ́nɛ́ ɓɔna.","O wi-ɗafi-sɔ̧, ɛ̀nɛ̀ pí̧ laa-zim-fio, ɛ̀nɛ̀ hí̧í̧ fio; o wi-de-tom zu fara-dɔ-kpoo-sɔ̧, ɛ̀nɛ̀ áí nú‘nɛ́. Ɛnɛ, o wi-de-tom ko Sɔ̧ kɔ‘m, ɛ̀nɛ̀ gáɓí tɛ‘nɛ́ nɛ bufu duk nɛnɛ mɔ sa̧, wen ha̧a̧mɔ in aa-zɛzɛ bo kɔ̧ Tua ko Sɔ̧ k’ɛ́nɛ́ ɓɔna.","Gheyɛ ka dzeghe Shala, hwepe mə wəsə hwa hwə ba'a ŋgaɗe mə ghə. Gheyɛ ka mene slene te reghwetɛ, tsa mə lewela. Gheyɛ ka mene slene ta Shala ta ɓəmə, nza mə le wəsə hwa hwə kahɛ, va nya zhɛnema mbeli kafə wəshi ba'a tɛ kase kadzembe ghɛa Shala.","Nday jar sië jag no, lag wee taçy oçoçbe ti äay day law wee! Law wee, nday jar joñ peele ti ngeel sië jag no! AÀ wee le, day na wee de taçy oçoçbe see, nday jar joñ peele ne Baa äi no! Gahaçyla, feçeçre haçge wo de yii ma sii jag bay wo äil tiñ mani Baa äayn wa so."
JOL.1.14," Publiez un jeûne, convoquez une assemblée ; réunissez les anciens, tous ceux qui habitent le pays, dans la maison de Yahweh, votre Dieu,","Sanctify ye a fast, call a solemn assembly, gather the elders and all the inhabitants of the land into the house of the  Lord  your God, and cry unto the  Lord ,","Yigi tuwgi noŋ kaf, ligi laata, tokgi sum sa maariyana, sum sa hay nagat noŋ kaf, toksi hay ziyna vi Ma-Vatɗina Lawna vigiya, tiygi tam Ma-Vatɗina.","Bendaʼan éyoñe ntyiane bidi, a bañete bôt be sulan; sulaʼane bemvendé be bôt a jama bôte mboʼo ase e nda Nti, e Zambe wongan, yeʼelaʼane nye.","Gam dalyam ɓa ki tiram pal, tilam mi ngi gi cikil mipal, kusoko mizli micawwahaya, waɗ mizli ngi si ruwuyo gar, ng'ar hay ngi Bumbulvuŋ, Buymisemuŋ kum, yo tilam mi ng'avu Bumbulvuŋ.","Taaskane suumaye, ewne yimɓe ngam ɓe mooɓo, mooɓte ndotti'en e jooɗiiɓe nder lesdi fuu haa suudu Allah Jawmiraawo mooɗon, ngookane mo!","Taaskane suumaye, ewne yimɓe ngam ɓe mooɓo, mooɓte ndotti'en e jooɗiiɓe nder lesdi fuu haa suudu Allah Jawmiraawo mooɗon, ngookane mo!","Ɛ̀nɛ̀ hé mbéá wen zima yi, ɛ̀nɛ̀ sá sara mɔi̧a-a wen gasa Sɔ̧, ɛ̀nɛ̀ mɔ́í̧ o  kuti-wi  in o bíí nu’ɛ lɛŋ si kɔ̧ Tua ko Sɔ̧ k’ɛ́nɛ́, ɓɛɛ ɛ̀nɛ̀ áí nú sitɛ GASA WAN Sɔ̧ k’ɛ́nɛ́.","Ɛ̀nɛ̀ hé mbéá wen zima yi, ɛ̀nɛ̀ sá sara mɔi̧a-a wen gasa Sɔ̧, ɛ̀nɛ̀ mɔ́í̧ o  kuti-wi  in o bíí nu’ɛ lɛŋ si kɔ̧ Tua ko Sɔ̧ k’ɛ́nɛ́, ɓɛɛ ɛ̀nɛ̀ áí nú sitɛ GASA WAN Sɔ̧ k’ɛ́nɛ́.","Gezete mə vəa kemene səwəmayɛ, zlapete mə tsene nya wəba, tsenete mə mbelia jama ba'a pɛtɛa mbeli nyi te hɛɗi mbe ghɛa Shala Mahwətə ta ɓəmə, tsa nda mə lewela ke Mahwətə.","Tay wee le go sagsag ma heçeç bii! 'Waa wee äay äe wo go ne jar äuy. Tay wee jar kluuri wo de jar ma äil sirn wo le äuy äil tiñ mani Manwuri, Baa äay no, Day ni nday ëe wee Manwuri, maga aà mo caa war äay le!"
JOL.1.15," et criez à Yahweh : "" Ah ! quel jour !... "" Car le jour de Yahweh est proche ! Il vient comme un ravage, de la part du Tout-Puissant !","Alas for the day! for the day of the  Lord  is at hand, and as a destruction from the Almighty shall it come.",Hih! Buurta ta ɦuyumda kuɗa'ta ka co goboyo. Co ɗawn ti buurta vi Ma-Vatɗina. Nam ma co'o ki ma gaŋeraŋ-petna ɓulak slen goy nala.,"Angônda môs wo zu, môs ayaa Nti! Baa njañ be ne nsamba Zambe a ne ngul ése a tyiʼiya nalé.","Kayya! Hin nah na! Hin ngi Bumbulvuŋ a ndilo le, i hin ngi hirya gwat, Buymisemuŋ mupulo jiviɗ naŋ.",Nyalaade Jawmiraawo ɓaditake! Nde waran diga Allah Baawɗo bana halkere. Kayto nyalaade nde'e ! ,Nyalaade Jawmiraawo ɓaditake! Nde waran diga Allah Baawɗo bana halkere. Kayto nyalaade nde'e ! ,"Wese ko GASA WAN hɛɗa kaɗi, wese nɛ Wan nɛ a̧a̧ nɛ ŋgayamɔ lɛŋ tɛ ba ɗaŋamɔ tɛnɛ. Oee ɗaŋ wese kíì wa!","Wese ko GASA WAN hɛɗa kaɗi, wese nɛ Wan nɛ a̧a̧ nɛ ŋgayamɔ lɛŋ tɛ ba ɗaŋamɔ tɛnɛ. Oee ɗaŋ wese kíì wa!","Amaga, takwa takwa veci nya dzawe kase, vecia Mahwətə gɛ wa! Se yase ŋkɛ kala ndiremi nya keza wəshi pɛtɛ, nya ghweneke Shala nde berete.",Sen na diñ wur ma eç no la! Sen na werga wur mani Manwurn go mañ. AÀ le de age de bage poçoç mani je ma de eegren äuy no.
JOL.1.16," La nourriture n'a-t-elle pas été retranchée sous nos yeux, ainsi que la joie et l'allégresse, de la maison de notre Dieu ?","Is not the meat cut off before our eyes, yea, joy and gladness from the house of our God?",Tina nay may fum loɗinge. Firita hiɗi ciriy ma digi-digina may hay ziyna vi Ma-Vatɗin loɗinge.,"Bidi biangan bia jañ mise mangan été, mefôn a mevak bi se ke fe bebé a ndaa Zambe wongan.","Gwat ngi zum mikiɗ mi, yo ar hay ngi Bumbulvuŋ, mumul ati jiɗa mececẽleŋ anta mata na, a gi a mihiri ndra ta kwa?","Nyaamdu halki yeeso meeɗen, seyo e gimi njinni nder suudu Allah meeɗen. ","Nyaamdu halki yeeso meeɗen, seyo e gimi njinni nder suudu Allah meeɗen. ",Bo nɛ nyɔŋmɔ ɓana nɛ yí yɛ na nde? Bo nɛ tortɛ in nyɛŋɛ kaɗa kɔ̧ Tua ko GASA WAN nɛ yi yɛ mbɛt na nde?,Bo nɛ nyɔŋmɔ ɓana nɛ yí yɛ na nde? Bo nɛ tortɛ in nyɛŋɛ kaɗa kɔ̧ Tua ko GASA WAN nɛ yi yɛ mbɛt na nde?,"Nahe wəsə kezeme ta ɓəmə keza kwa ntsə ta ɓəmə, nahe zlama ba'a farefa keshave mbe ghɛa Shala ta ɓəmə.",Naa bay ko reege de nen na wa so. Äil tiñ mani Baa naa dra' fruygi wo de feg caa wo wer go lay.
JOL.1.17," Les semences ont séché sous leurs mottes ; les greniers sont vides, les magasins tombent en ruines, parce que le blé est dans la confusion.","The seed is rotten under their clods, the garners are laid desolate, the barns are broken down; for the corn is withered.","Jaf ma cuki hay sinen soy goyo, feera hini goy ɦawa'a zaŋ ma lak wana hini goy ɦawa'a, kay alkamaren soy goyo.",Mefese mevoñ me maneya kôt e bibañe bi tyia si. Fôn é ntoo momo! Mengun teke jôm été a mekañ bikôkoé.,"Hilfa gwat mizliga, a ji ngbok ngbok avu ruwuyo, a muˀul, hay ngi dawaya njoŋ njoŋ, dirgwaɗaya i muwahahhay le, asi alkamari anta mata.","Aawre yoori haa ngesa, cigorɗi perwi, beembe ngibbinaama, ngam alkamaari ɗayli. ","Aawre yoori haa ngesa, cigorɗi perwi, beembe ngibbinaama, ngam alkamaari ɗayli. ","O nyɔnɔ lɛŋ fee ɗɔɔ ŋga kora nu; o fara-a-nyɔnɔ ɗaŋa, o dam gbina wen alkamaari bo ɓɔna.","O nyɔnɔ lɛŋ fee ɗɔɔ ŋga kora nu; o fara-a-nyɔnɔ ɗaŋa, o dam gbina wen alkamaari bo ɓɔna.","Nahe wəshi nyi tsawete mbeli keghwelenji mbe hɛɗi. Nahe yɛ tame kenza ghwalɛalɛa, nahe yɛ dɛdimə kenza keŋzla ŋzla, va nya ɗema ha shɛ.","Coore maga aè jo' ra taw wo wo go gesiñ ni. Boolen wo go äil koëe, pulin leë wo go gesiñ lay. Coore ble bay wa so."
JOL.1.18," Comme les bêtes gémissent ! Les troupeaux de boeufs sont effarés, parce qu'ils n'ont point de pâture ; même les troupeaux de brebis pâtissent.","How do the beasts groan! the herds of cattle are perplexed, because they have no pasture; yea, the flocks of sheep are made desolate.","Duwgi farayn ka tiy tige? Farana vi luwayn goyo muɗi bisi, kay hatna may loɗi, fukunayna kaw ka ci lasta.","Vôʼôlaʼan ane betit ba tat! Mimbame biyem mia ndeñ li a li, amu teke fe bidi ya di. toʼo na mintômba, mie fe mia wu.","Cinam ginewey matuwam! Sla taˀ gezleŋ, a ram taˀ dibiɗ lambaˀ: asi li zum ginewey anta. Ko tumuŋ ati ˀaway kwana, ara ngizlam.","Dabbaaji ɗon mbooka. Tokke na'i ɗon ngiilo, ɗi ngalaa durduɗe. Koo tokke dammooji boo ɗon njara bone. ","Dabbaaji ɗon mbooka. Tokke na'i ɗon ngiilo, ɗi ngalaa durduɗe. Koo tokke dammooji boo ɗon njara bone. ",Ɛ̀nɛ̀ zíí gee dɔma-a nɛ o mɔ-dai dɔm; ndai zɔk nɛ bɔnɛ wen wa bó nɛ̀ nyɔŋmɔ ɓɔna; bɔnɛ tika zu o sami mbɛt.,Ɛ̀nɛ̀ zíí gee dɔma-a nɛ o mɔ-dai dɔm; ndai zɔk nɛ bɔnɛ wen wa bó nɛ̀ nyɔŋmɔ ɓɔna; bɔnɛ tika zu o sami mbɛt.,"Fama mə nehwene ta wəshi keseɗa gi! Ndeŋe yandeŋe yɛ sla dzeyi te yayata ŋkwa, va nya ɗema gwəzə mba va hɛ. Pa le timɛti kadene.",Horogren wo nen coocoo ëala! Deren wo go de gayri werga hoçoç bay wa. Fiirin wo de saçaçren wo dra' wo ti bon lay.
JOL.1.19," Je crie vers vous, Yahweh ; car le feu a dévoré les pâturages du désert, la flamme a brûlé tous les arbres des champs.","O  Lord , to thee will I cry: for the fire hath devoured the pastures of the wilderness, and the flame hath burned all the trees of the field.","Nan siwel zawn taŋ naŋu, Ma-Vatɗina, kay kut ŋal liyn ma beɗna hay fuldawa, kay sin-kuta ŋal gu ma hay sinenawa goy kafe.","A Nti ma yône be wo! Nduan ja diʼi biloʼo yʼôzôm, minkabaʼa mi nduan mia diʼi bilé bise ya mefup.","Ya matil mi na ng'avi ka Bumbulvuŋ: vu ara zuma li jigina ginewey a ɓuh, irne vu njilim njilim, ara zuma widis ngir guvahaya cek.","Yaa Jawmiraawo, mi ɗon toro ma, ngam yiite nyaami durduɗe nder ladde, ɗemŋgal yiite wuli leɗɗe ladde fuu. ","Yaa Jawmiraawo, mi ɗon toro ma, ngam yiite nyaami durduɗe nder ladde, ɗemŋgal yiite wuli leɗɗe ladde fuu. ","Mi ai nɛ nú sitɛ‘nɛ́, GASA WAN, wen wee dɔ nɛ zɔ̧ fara nɛ o ndai nyɔŋ mɔ sɛnɛ; leɓe-wee dɔɔ o te zaŋbɛɛ lɛŋ a nu.","Mi ai nɛ nú sitɛ‘nɛ́, GASA WAN, wen wee dɔ nɛ zɔ̧ fara nɛ o ndai nyɔŋ mɔ sɛnɛ; leɓe-wee dɔɔ o te zaŋbɛɛ lɛŋ a nu.","Mahwətə, katsa ŋa lewela 'ya! Kwa nza ŋkɛ katere gwəzə nyi hwa gamba ghwə, katse pɛtɛa wəfe nyi kwamte ghwə.","Manwuri, ndi joñ kuwuy wo mo, werga wuu roë fi ma mbasgan wo go mono. AÀ saw koore ma äil payn wo go lay."
JOL.1.20," Les bêtes sauvages mêmes brament après vous, parce que les courants d'eau sont à sec, et que le feu a dévoré les pâturages du désert.","The beasts of the field cry also unto thee: for the rivers of waters are dried up, and the fire hath devoured the pastures of the wilderness.",Muuriyan ma hay sinen kaw ka siwel taŋu; kay niyn-ɓatna soy goyo. Liyn ma beɗna hay fulda kut ŋalamawa goyo.,"Betite ya fé bebiene fe ba kôñelane nlô wop mfaʼa ô né, amu atôñe mendim e maneya vele. Nduan ja diʼi biloʼo yʼôzôm.","Ko gwat misãmi ngi ɓuhoy kwana, ara mbiɗam hiri ng'avi ka: Mizaway a hisikam le ngbasl ngbasl, yo vu ara zuma li jigina ginewey a ɓuh.","Koo dabbaaji ladde boo ɗon laaha heedi maaɗa, ngam maahoy ɓeeɓi, yiite nyaami durduɗe nder ladde.","Koo dabbaaji ladde boo ɗon laaha heedi maaɗa, ngam maahoy ɓeeɓi, yiite nyaami durduɗe nder ladde.",O saɗi-zaŋbɛɛ zik nɛ tɛ pii tɛ‘nɛ́; foka-yì ɔ̧sa̧ gɔn mgbót-mgbót. Zɔ̧ fara nɛ o ndai nyɔŋ mɔ sɛnɛ bia wee lɛŋ.,O saɗi-zaŋbɛɛ zik nɛ tɛ pii tɛ‘nɛ́; foka-yì ɔ̧sa̧ gɔn mgbót-mgbót. Zɔ̧ fara nɛ o ndai nyɔŋ mɔ sɛnɛ bia wee lɛŋ.,"Pa le wəshi keseɗa nyi hwa gamba kazhɛre geva laka gha, kwa nza ŋkɛ nahe yɛ hələ kehasenji, katere gwəzə nyi hwa gamba ghwə.","Nayre ma mbasga wo de rage na diñ mo ti, werga gloñren oçg wo go äuy, Day wuu roë fi ma mbasgan go äuy lay."
JOL.2.1," Sonnez du cor en Sion, et sonnez de la trompette sur ma sainte montagne ! Que tous les habitants du pays tremblent, car le jour de Yahweh vient, car il est proche !","Blow ye the trumpet in Zion, and sound an alarm in my holy mountain: let all the inhabitants of the land tremble: for the day of the  Lord  cometh, for it is nigh at hand;","Buwgi togolomna hay Siyon, buwgit kulo ŋolo kay hiɗiyta van ta peldetta, a sum sa hay nagatna tuwsi ma visi bat-bat'. Kay buura vi Ma-Vatɗina ka ma'a, kay nam ka goboyo,","Loñane toñe nlak e Sioñ! Yôtaʼane tyiñ e nkôle wom ô nʼétyi! Bôte bese be too si nyô be fôʼôbaʼan! Amu môse Nti wo zu, amu ô ntoo bebé.","Fam tulum a Siyoŋ, wudam deŋ a muwã ɗu  mipal  ! Anja mizli ngi si ruwuyoy gar, a jijikam kirkir: asi hin ngi Bumbulvuŋ ara ndilo gweˀe.","Puufe luwal konu haa Siyona, koole dow hooseere Jawmiraawo seniinde. Yimɓe lesdi fuu ndiwna, ngam nyalaade Jawmiraawo ɓaditake. ","Puufe luwal konu haa Siyona, koole dow hooseere Jawmiraawo seniinde. Yimɓe lesdi fuu ndiwna, ngam nyalaade Jawmiraawo ɓaditake. ","Ɛ̀nɛ̀ dɔ́m zak zu sa̧a̧ kaya  Siɔŋ  mbaŋ nɛ tɛ o bíí; ɛnɛ o bíí nu’ɛ lɛŋ, tɛ‘nɛ́ a̧ nak, wese ko GASA WAN a̧ tɛ‘i, wese'i hɛɗa kaɗi.","Ɛ̀nɛ̀ dɔ́m zak zu sa̧a̧ kaya  Siɔŋ  mbaŋ nɛ tɛ o bíí; ɛnɛ o bíí nu’ɛ lɛŋ, tɛ‘nɛ́ a̧ nak, wese ko GASA WAN a̧ tɛ‘i, wese'i hɛɗa kaɗi.","Vɛ mə tereme pelɛ Siyon, tsa mə lewela pelɛ ghweme nya keveyi geva tekeleke. Bare bare pɛtɛa mbeli nyi te hɛɗi, kwa nza ŋkɛ se yase vecia Mahwətə, takwa takwa ŋkɛ kase.","'Wad wee coçoç ma puçy jar Siyoñ wo go! Ëii wee ti huuli äi ma bay ëag no, 'wad wee ne! Daga jar ma äi sirn äuy mo daë wo, Gahaçyla wur mani Manwurn le de age, aà go de kosge."
JOL.2.2," Jour de ténèbres et d'obscurité, jour de nuages et de sombre nuée ! Comme l'aurore qui s'étend sur les montagnes, un peuple  vient , nombreux et fort, tel qu'il n'y en a jamais eu depuis l'origine, et qu'il n'y en aura pas après lui, jusqu'aux années des âges les plus lointains.","A day of darkness and of gloominess, a day of clouds and of thick darkness, as the morning spread upon the mountains: a great people and a strong; there hath not been ever the like, neither shall be any more after it, even to the years of many generations.","buur ma jufun nil'; buura vi ɗugulla hiɗi liyn ma duk gaana, nam ka co'o, ki liyn ma tun caw cal goy grawtna vul haraŋa valami jew tam hiɗiyn nala. Duwgi jaf-sumun ŋolo, dono'o kaw natige. Nay bay wi sum sa kisi nisi nala tuwa, vok ɗaw kaw nay as a wi sum sara kisi nisi naɗi lay.","Môs ô ne dibi a ékukut môs ô ne nkut ne ziʼili. wo zu ane melenda me tyé e minkôle yôp. Tame yen ane nkane bitandak wo zu, bi too abui a angôndô, éfunan anʼalu e minkôle yôp. Avale jame di e ngenane te tame yené, a ba ye bo te beta yene de.","I hin ngi luvuŋ, luvuŋ titira mihezek hezek, hin ngi gazlavay, gazlavay titira lozoŋ lozoŋ. Keɗ na, mizli sirgiɗim, mizli migidaŋhay, sirit hirnga muwãkaɓa li mawun maga hirnga muwã njahha zlar, ko a puram gwat kanah ɗaˀ ta, yo tumbuŋ kwana anta sa puram kanah mata ndiɗaˀ wãˀ, hã avu dideˀ ngi misin ti wakahay.","Ɗum nyalaade nyiɓre nyiɓɓunde, nde nyalaade duule naarginanɗe. Ummaatoore mawnde semmbiɗnde ɗon sudda kooseeje bana jayŋgol fajiri. Irin ummaatoore nde'e meeɗaay laataago sam, irin maare meetataa laataago haa duuɓi ɓuranɗi daayaago boo. ","Ɗum nyalaade nyiɓre nyiɓɓunde, nde nyalaade duule naarginanɗe. Ummaatoore mawnde semmbiɗnde ɗon sudda kooseeje bana jayŋgol fajiri. Irin ummaatoore nde'e meeɗaay laataago sam, irin maare meetataa laataago haa duuɓi ɓuranɗi daayaago boo. ","Wese'i nɛ wese ɗuka tum, wese tu̧-zan in zɔm kutu. O gii gba-dɔya a̧ tɛ‘i hee mɔ'ɔ nɛ zɛ de nɛnɛ zu o kaya ga; wa ɔ dɔka in wa ɔ ŋgaya. Wi tɛ zɔk pɛrti mɔ hegɔ nɛti na, in wi beka zɔk hegɔ woyo ɓɔna hɔ nɛnɛ tɛ o bezaŋ mɛ ɗoŋ mɛ.","Wese'i nɛ wese ɗuka tum, wese tu̧-zan in zɔm kutu. O gii gba-dɔya a̧ tɛ‘i hee mɔ'ɔ nɛ zɛ de nɛnɛ zu o kaya ga; wa ɔ dɔka in wa ɔ ŋgaya. Wi tɛ zɔk pɛrti mɔ hegɔ nɛti na, in wi beka zɔk hegɔ woyo ɓɔna hɔ nɛnɛ tɛ o bezaŋ mɛ ɗoŋ mɛ.","Nahe ŋkɛ kenza kavecia ŋkwesle ba'a viɗi, kavecia ləmbə ba'a meləkwə ləkwə. Se yase ləmbəa yɛ dzale, nahe hɛ kenza kwele kwele ba'a keberete beretenji, yipə yipə le viɗi nya kedəpə geva kənəa yɛ ghweme. Kegha mbeli kanakɛ wəsə nya kala nyagha we, katezhɛne mbeli kanakɛ ŋkɛ tɛape we.","Wur sen diñ wur suñgu ma ëiligi, aà diñ wur legar wo de saçy. AÀ joñ ge do suñgu maga le' yoo huuli nono. Koëa, jar po ma ngaäa de eegre debañ wo le de age. AÈ hay ko te äaara ti boñ gaa, aè ko ge ra wo pel gaa so lay."
JOL.2.3," Devant lui le feu dévore, et derrière lui la flamme brûle. Le pays est comme un jardin d'Éden devant lui, et derrière lui, c'est un désert dévasté ; rien ne lui échappe.","A fire devoureth before them; and behind them a flame burneth: the land is as the garden of Eden before them, and behind them a desolate wilderness; yea, and nothing shall escape them.","Voksiya kut ka ŋala, bugolsiya sin-kuta ka tileka. Nagat ay jew ki sinen eden nala, may hay buur namna nagat muɗi mi ful ma wiŋŋa, kay va ne' kaw hin kuɗ kut noŋɗi.","Ba ndamane jôm ése ba koone je avalʼane nduan ja diʼi a tyame biôm, e mvuse jap ba liʼi ve si si. Te na be lôté, si é mbe afub Eden, mvuse valé, é ntoo ve biliʼi ya ko woñ: teke jôm é nga famelane be!","Vu ara zuma li a mbuŋ taŋ, yo ti dirba taŋ i irneˀ vu mazlizlira li, hirwuyo naŋ a mbuŋ taŋ kaɓa guva a Eden zleˀe, amma ti dirba taŋ, li a ndir kirɗak kirɗak cay. Ko gwat loŋ malih ava anta.","Yiite nyaamooye ɗon haa yeeso maare, ɗemŋgal yiite ɗon wula haa ɓaawo maare. Hiddeko nde wara, lesdi nanndi bee jarne Adnin. Ɓaawo nde dilli, ndi laati ladde meere, walaa koo ɗume daɗata. ","Yiite nyaamooye ɗon haa yeeso maare, ɗemŋgal yiite ɗon wula haa ɓaawo maare. Hiddeko nde wara, lesdi nanndi bee jarne Adnin. Ɓaawo nde dilli, ndi laati ladde meere, walaa koo ɗume daɗata. ","Wa ɗaŋ nɛ o mɔ ti wa lɛŋ hee wee nɛ bíí zɔ̧'ɛ ga; nɛ̀ ɗoŋ-wa nɛ́ leɓe-wee a̧ ndar mɔ nɛnɛ. Nɛti hɔa-a kɔ-wa, nu duka so nɛ́ de mbɔŋgi hee Fɔ Edɛn ga; ɗoŋ yaka-a kɔ-wa, nu kifa nɛ gee ŋga-gbárà; ŋma mɔ nɛ wa ee duk bo na.","Wa ɗaŋ nɛ o mɔ ti wa lɛŋ hee wee nɛ bíí zɔ̧'ɛ ga; nɛ̀ ɗoŋ-wa nɛ́ leɓe-wee a̧ ndar mɔ nɛnɛ. Nɛti hɔa-a kɔ-wa, nu duka so nɛ́ de mbɔŋgi hee Fɔ Edɛn ga; ɗoŋ yaka-a kɔ-wa, nu kifa nɛ gee ŋga-gbárà; ŋma mɔ nɛ wa ee duk bo na.","Kala ghwə nya ketere ŋkwa ne, kazeme pɛtɛa wəshi hɛ mbe kema ta nci ba'a dɛrɛŋe rɛŋe nza ŋkwa kwa sebe ta nci. Ma tewə hɛ kese ne, kala ntsa ta Ɛdɛn se ŋkwa nya te hɛɗi, ama kwetere wəmbəa nci ne, ɓerama nya dɛrɛŋe rɛŋe ya shɛ. Wəsə shɛ kembele yitea hɛ we.","Wuu ma roë jar pel äaara, wuu ma yaçaçge nen blam äaara lay. Sir se maga hay do pay Eden no no, gwa' ge yañ go diñ puuli ma poëag poëage. Mopo gwa' ge jag äaara ni gaa hase."
JOL.2.4," Son aspect est comme l'aspect des chevaux, et ils courent comme des cavaliers.","The appearance of them is as the appearance of horses; and as horsemen, so shall they run.",Naŋ ɗuwsi kayn nisi ŋray ca ki kulumayn ma sumun ɓe kalamu kay jaŋamu nala.,"O yeʼe jô na nkane bikabela, nge na bewulu bikabela ba sembʼôsu.","A bam vu ati pilisey, a kilam kaɓa mipi mi ti pilisey.","Nde nanndi bee pucci, nde doggan bana pucci ba'eteeɗi ngam konu. ","Nde nanndi bee pucci, nde doggan bana pucci ba'eteeɗi ngam konu. ",Wa ya hee o nyaŋa ga; wa ma yi hee o nyaŋa-biro ga.,Wa ya hee o nyaŋa ga; wa ma yi hee o nyaŋa-biro ga.,"Nahe hɛ kenza kala gədəwəa lɛmə, kahwɛ hɛ kala ka zleɗe gədəwəa lɛmə.",Ndo ko ra aà ëee wo do piiri maga aè de ya' ra ge nono.
JOL.2.5,"  On entend  comme un bruit de chars, qui bondiraient sur les sommets des montagnes !  c'est  comme le bruit de la flamme de feu, qui dévore le chaume ; c'est comme un peuple robuste, rangé en bataille.","Like the noise of chariots on the tops of mountains shall they leap, like the noise of a flame of fire that devoureth the stubble, as a strong people set in battle array.","Naŋ jak humaŋ tisi kayni, suwana visi ki suwana keke-ma-duura, ma ka jaŋ kulo kay yam hiɗiyt nala, ki suwana vi kuta, hay li ma na' ka ŋal hosona hay fulda nala. Ki soje sa donona ka kot tuwsi kay tuɗ vun duura nala.","Ba yôô akôlô nkôle wu a kui wu ôvok wo ye buni na wo wôʼô éduñe bevagoñ bita, nge ntôtane minkabaʼa mi nduan mia diʼi minkôte bilok. Ba zu ane nsamba ô ne ngu, be tele minnoñ asu ya wosan.","A hurumom kaɓa mota ngi vurumoy majiɗam a hirnga muwã, kaɓa hurum ngi vu mandisl ar li wura giziŋ muˀuloŋ, kaɓa mizli migidaŋhay micinjaham le ngi gi vurum.","Bana hoolo mootaaji pucci, non hoolo maare dow geereeje kooseeje. Bana hoolo yiite nyaamanŋge tiitiiho, bana ummaatoore semmbiɗnde taaskaniinde haɓre, non nde wa'i . ","Bana hoolo mootaaji pucci, non hoolo maare dow geereeje kooseeje. Bana hoolo yiite nyaamanŋge tiitiiho, bana ummaatoore semmbiɗnde taaskaniinde haɓre, non nde wa'i . ","Wa kpíɗí nɛ o zu kaya nɛnɛ, ɓɛɛ duk hee wi zii nɛ giti o keekee-biro in hee tuɓa-a ko leɓe-wee nɛ bíí kora zɔ̧'ɛ ga. Wa tɛ hee o ŋga dukbíí nɛ nɛka wen biro ga.","Wa kpíɗí nɛ o zu kaya nɛnɛ, ɓɛɛ duk hee wi zii nɛ giti o keekee-biro in hee tuɓa-a ko leɓe-wee nɛ bíí kora zɔ̧'ɛ ga. Wa tɛ hee o ŋga dukbíí nɛ nɛka wen biro ga.",Kagaka hɛ kala yɛ wəmata gədəwə nyi kehwɛ dzeyi kwa ghəa yɛ ghweme keɗema kala ghwə nya ketse te vegheme. Kase hɛ kala ka sewajɛ nyi berete berete nyi kepate geva yitea mpa.,Ngarge jag äaara do pus durgi maga wo de ëii huuli nono. AÀ car wo poçoç do wuu maga de roë fi nono. AÀ wo do jar maga wo wo ti poçoç nono.
JOL.2.6," Devant lui les peuples tremblent d'effroi, tous les visages pâlissent. ",Before their face the people shall be much pained: all faces shall gather blackness.,Sumun tuwsi visi kisi bat-bat'. Ir sumun ka zoɓ gaa'a.,"Eyoñ ba subu bebé môt ase a ko woñ, woñ wo bo mesu mese ékukut.","Mizli a jijikam ngbaˀ ngbaˀ a mbuŋ taŋ, mihiri taŋhay a mbiɗam ndiryik ndiryik.","Ummaatooje ɗon ndiwna yeeso maare, geese fuu ɗon purɗa. ","Ummaatooje ɗon ndiwna yeeso maare, geese fuu ɗon purɗa. ","Tɛ hɔa-a kɔ-wa, tɛ o dukbíí gbina gbɛlɛsuwɛɛ, ɓɛɛ kíì dee ha̧ sɔnti-wa mɛ kpai.","Tɛ hɔa-a kɔ-wa, tɛ o dukbíí gbina gbɛlɛsuwɛɛ, ɓɛɛ kíì dee ha̧ sɔnti-wa mɛ kpai.","Nakɛma ta mbeli ke hɛ ne, kabare bare mbeli, kazhɛre pɛtɛa yɛ kema tɛarawe rawe.","Jar maga aà wo le de seege ne hara ti caa wo heçeçne go äuy, Ti bii go nen äaara ta'ta' äuy lay."
JOL.2.7," Ils courent comme des héros ; ils escaladent la muraille comme des hommes de guerre ; ils marchent chacun dans leurs sentiers, ils ne confondent pas leurs routes.","They shall run like mighty men; they shall climb the wall like men of war; and they shall march every one on his ways, and they shall not break their ranks:","Nisi tuɗ voksiya ki sum sa tuɗ vun duura nala, nisi pir kay gulmunna ki sum sa tuɗ li duura nala; gigekaw iram cuki vokom hay hagata valam ŋiresl, cal hagata valam goyɗi.","Ba ke wosan ane bezimbi, ba bete mimfin ane bewosan. Môt ase a ke nlô ô tele ôsu vié teke yale fefele ya zene jé.","A kilam kaɓa sojehey, a tuwuɗaka moholoyo, kaɓa migi vurumoy. mbur gar muɗuva dibiɗe le taˀ na, aru si, t'anta ngizlam mbak jiviɗe neˀ le ta.","Nde ɗon yaawa bana honooɓe semmbiɗɓe, nde ɗon wa'o mahi taariiɗi berniiji bana waawɓe konu. Gooto gooto fuu ɗon tokko laawol mum, walaa mo selata sam. ","Nde ɗon yaawa bana honooɓe semmbiɗɓe, nde ɗon wa'o mahi taariiɗi berniiji bana waawɓe konu. Gooto gooto fuu ɗon tokko laawol mum, walaa mo selata sam. ","O gba-dɔya tik biro hee o ŋga-wi ga, wa daŋ garo hee o wi-biro ga, kóó o nde ba nɛ yuwar kɔ‘i; wa a̧r war na.","O gba-dɔya tik biro hee o ŋga-wi ga, wa daŋ garo hee o wi-biro ga, kóó o nde ba nɛ yuwar kɔ‘i; wa a̧r war na.","Kahwɛ hɛ kala ka katsala kɛfi, kadzawa hɛ wəmbəa zli kala ka sewajɛ. Yayata wəndə kadzeghwa tiɗiɗi mbe kema ta ŋkɛ, kaɗema kasame kwa hweŋkwa ta ŋkɛ.","AÀ ëe wo do blumri wo nono, yoor wo go ne kor ti do sode wo nono. Wosela äuy yoo äaara ti faage ma äe day cel go gaè."
JOL.2.8," Ils ne se poussent point les uns les autres, chacun va dans son chemin ; ils se précipitent au travers des traits, et ils ne rompent point  leurs rangs .","Neither shall one thrust another; they shall walk every one in his path: and when they fall upon the sword, they shall not be wounded.","Nisi may tupa tam tuwsi noŋɗi, gigekaw wum mi liyn ma nam coli hayamna, nisi tuɗ tam liyn ma voksina, va ma telsi a ɦur voksiɗin mayɗi.",Be nji tômetan amu môt ase a baʼale nnoñ wé a tôñe zene jé. Ba tulan jôm ése ja tebe be ngame yat a bo be ékolé ôbak; teke jôm é ne ngul ya telé dulu dap.,"Ko mbur mahizigiɗa cala anta, asi mbur gar a sipi jiviɗ naŋ cirre. Ko gwat fuk a mbuŋ taŋ kwana, a cohom kwaŋ kwaŋ, anta zliɗa taŋ hirnga ta wãˀ.","Walaa mo yerɓata goɗɗo, koo moy ɗon tiito yeeso muuɗum. Ɓe ɗon caalo caka kuri, walaa ko darnata ɓe. ","Walaa mo yerɓata goɗɗo, koo moy ɗon tiito yeeso muuɗum. Ɓe ɗon caalo caka kuri, walaa ko darnata ɓe. ",Wa gɔn ti ŋmaa na; kóó o nde ba nɛ yuwar kɔ‘i tan ti. Kɔ-wa nɛ yaka zu mɔ nɛ gɔn ti wa; ŋma mɔ nyɛm mɛ dor wa na.,Wa gɔn ti ŋmaa na; kóó o nde ba nɛ yuwar kɔ‘i tan ti. Kɔ-wa nɛ yaka zu mɔ nɛ gɔn ti wa; ŋma mɔ nyɛm mɛ dor wa na.,"Wəndə shɛ katsəkwə kwete wəndə we, yayata wəndə kadzeghwa tiɗiɗi. Kahwɛ hɛ dzate hwa yɛ have, kaɗema kasame kwa zəɗə.","Je ma daw keçeç bay yoo äaara ni wa. Wosela äuy see pel äe de deele. AÀ yoor wo go ne feçeç wo ti, fen po ma dig rage bay wa hase."
JOL.2.9," Ils se répandent dans la ville, ils courent sur le mur, ils montent dans les maisons ; ils entrent par les fenêtres, comme le voleur.","They shall run to and fro in the city; they shall run upon the wall, they shall climb up upon the houses; they shall enter in at the windows like a thief.","Nisi mer goy hay hoyok-ziyna, jaŋ kulo kay gulmunna, jik kulo kay ziyna, cuk hay ir-ziyna ki sa ma kulla nala.","Ba mialan e tison été, ba mate mimbil e mimfine mekok , ba nyiine menda, be lôte bevundi ane miñwuwup.","A cam a ngiraka walahaya, a kilam ar moholoyo, a cam ngi hayaya, a jiɗam tir fenetirey kaɓa muhuloy.","Ɓe ɗon ukkano berniwol, ɓe ɗon njaawɗa dow mahol, ɓe mba'o dow cuuɗi, ɓe ɗon nastira ɗi gal burɗe maaji bana wuyɓe. ","Ɓe ɗon ukkano berniwol, ɓe ɗon njaawɗa dow mahol, ɓe mba'o dow cuuɗi, ɓe ɗon nastira ɗi gal burɗe maaji bana wuyɓe. ","Kɔ-wa nɛ pɛsa-a dam saaye, ma nɛ yi nɛ o zu ŋgeŋ, daŋ nɛ o tua, ye nɛnɛ nɛ o woi-aa hee o wi-zuzu ga.","Kɔ-wa nɛ pɛsa-a dam saaye, ma nɛ yi nɛ o zu ŋgeŋ, daŋ nɛ o tua, ye nɛnɛ nɛ o woi-aa hee o wi-zuzu ga.","Kahwɛ hɛ kalə kadzembe meleme, kahwɛ hɛ dzeyi te zli, kadzeki yɛ ghɛ hɛ dzawa te yɛ wəfela kala ka ghərəa kɛfi.","AÀ äug gi wo äi leege Jerusalem go, ëid ge wo go ciñ ti kor no, ciñ ti tiñ wo lay. AÀ lag ge wo go ti ywaale do je freñ wo nono."
JOL.2.10," Devant lui la terre tremble, les cieux s'ébranlent, le soleil et la lune s'obscurcissent, les étoiles perdent leur éclat.","The earth shall quake before them; the heavens shall tremble: the sun and the moon shall be dark, and the stars shall withdraw their shining:","Nagat ka wir voksiya, dukalawn geɗiya, fatta hiɗi tilla muɗi jufunu, mislekŋa vul haraŋa valam loɗi.","Si ja fôʼôban éyoñ ba zu bebé, Yôb ebiene fe vʼane jôm ja ye ku, jôp a ngon teke fe faé, ateté da dimili mfaane wop.","Hirwuy a jijik ngbir ngbir a mbuŋ taŋ, muŋ a wus zingit zingit ka ngi ndilawa, pas ati kiya a cam ar luvuŋ, yo wurzlaŋhay a mucaka hiri mbiˀ mbiˀ.","Lesdi dimmbi yeeso maare, asamanji ndiwni, naaŋge e lewru nyiɓɓi, koode boo acci yaynugo . ","Lesdi dimmbi yeeso maare, asamanji ndiwni, naaŋge e lewru nyiɓɓi, koode boo acci yaynugo . ","Ka wa nɛ siti ɓɛɛ nu nak nak ti wa; duk hee yiwese tɛ bin bin ga. Wese ba ɓɔna, o sɔra in nyaŋa-zɛ tok ɓɔna,","Ka wa nɛ siti ɓɛɛ nu nak nak ti wa; duk hee yiwese tɛ bin bin ga. Wese ba ɓɔna, o sɔra in nyaŋa-zɛ tok ɓɔna,","Ma kase hɛ ne, kagaŋkəɗə hɛɗi, kala wəsə nya ɗe ghweme kateɗe. Kanza veci ba'a tere ngərə ngərə, kazhɛne yɛ saseregwa kaɓele we.","Sirn äuy go de daëge do äaara. Ngeel ma ciñ doga se le go de le'ge gesiñ nono. Wur wo de few bay wo tee ngeel go wa so lay, Ger bay wo sagge wa lay."
JOL.2.11," Yahweh fait entendre sa voix à la tête de son armée ; car immense est son camp, car puissant est l'exécuteur de sa parole. Car le jour de Yahweh est grand et très redoutable ; et qui pourrait le soutenir ?",And the  Lord  shall utter his voice before his army: for his camp is very great: for he is strong that executeth his word: for the day of the  Lord  is great and very terrible; and who can abide it?,"Ma-Vatɗin di delem goy kir vok-ma-duura valamu; kay vokŋa valam ka ŋolo, sa nam cuksina nisi dono ŋolo; kay buura vi Ma-Vatɗin nam ŋolo, ɦuyumda kuɗum ŋolo kaw. Col digam ɗawn gige?","Nti a bete tyiñe jé ôsu ya nkane bita wé. Minsamba mia bo mebendé mé mi nʼabui a éko woñ. Yaa, môse Nti ô nʼangôndô, ékowoñ avale môt éziñ a ye bo teke nyiñ.","Bumbulvuŋ, naŋ ara ɓi ˀay kaˀ a muŋ, a mbuŋ soje naŋhaya. Soje naŋhaya taŋ haɗa teˀe: yo migi gwat, naŋ maɓa ɓi naŋ na, naŋ gidaŋ. Hin ngi Bumbulvuŋ i hin madiɗaŋ, a gi zluwun haɗi wãˀa: mbur maɓusa gu ada kwa?","Ngam Jawmiraawo hooli yeeso jama'aare konu muuɗum. Jama'aare maako ɗuuɗnde masin, hiɓɓinooɓe muuyo maako mari baawɗe. Ngam nyalaade Jawmiraawo laatoto mawnde, hulniinde masin. Moy waawata ɓusugo nde ?","Ngam Jawmiraawo hooli yeeso jama'aare konu muuɗum. Jama'aare maako ɗuuɗnde masin, hiɓɓinooɓe muuyo maako mari baawɗe. Ngam nyalaade Jawmiraawo laatoto mawnde, hulniinde masin. Moy waawata ɓusugo nde ?",ɓɛɛ tiger GASA WAN mgbimgbi ti o wi-biro kɔ‘i; o duk wi-biro nɛ zii wen nú-a ɔ dɔka in wa ɔ ŋgaya. Wese ko GASA WAN tɛ duk nɛ ŋga wese nɛ tɛ pi̧ kíì tɛ bíí. Nɛ o'o tɛ kpasi wese'i o?,ɓɛɛ tiger GASA WAN mgbimgbi ti o wi-biro kɔ‘i; o duk wi-biro nɛ zii wen nú-a ɔ dɔka in wa ɔ ŋgaya. Wese ko GASA WAN tɛ duk nɛ ŋga wese nɛ tɛ pi̧ kíì tɛ bíí. Nɛ o'o tɛ kpasi wese'i o?,"Kaŋgezle Mahwətə te kema ta ka sewajɛa ŋkɛ. Nahe ka sewajɛ nyi kefa nda ghena kenza kwele kwele ba'a keberete beretenji. Kaganda ne, nahe vecia Mahwətə kenza dzawe, dzawe fate fate. Wa nde nza kasəwəte ŋkɛ wa?","Manwur de see äe pel sode äen wo. Gahaçyla sode äen wo ngaäa, je äag jag waçaçre äen go de eegre. AÀ joñ wo heçeçne ne jare. Kidolgi, wur mani Manwurn diñ wur ma kluu, aà joñ heçeçne ne jar debañ. Wose kaçaç ge ma ooge pel äe la?"
JOL.2.12," Mais maintenant encore – oracle de Yahweh, revenez à moi de tout votre coeur, avec des jeûnes, avec des larmes et des lamentations.","Therefore also now, saith the  Lord , turn ye even to me with all your heart, and with fasting, and with weeping, and with mourning:","Ma-Vatɗin di'e: Wulin lo hotgiyay tanu hiɗi dikgi kafe, hiɗi laata, hiɗi tiyna, hiɗi yorta.","Eyoñe ji éyoñ é ngenane na mi bulane be ma nalé Nti a jô. Boʼone jame te a nleme wônan ôse: tyiane bidi, Yônan a yeʼelane ma.","Bumbulvuŋ a ɓi: «Moko ng'avi ya zle wurenna, ti mevel kum wãˀ, gam dalyam, tuwam, tuwam kaɗam kaɗam.","Jawmiraawo wi'i: “Koo jonta boo, lorte haa am bee ɓernde woore, bee suumaye e bojji e gonɗi! ","Jawmiraawo wi'i: “Koo jonta boo, lorte haa am bee ɓernde woore, bee suumaye e bojji e gonɗi! ","«Kinii nɛ ŋgimbi h’ɛ́nɛ́ mɛ pii ɗoŋ tɛ‘m. Ɛ̀nɛ̀ píí ɗoŋ nɛ see'nɛ́ lɛŋ. GASA WAN a̧ tɔ̧ wen’ɛ: Ɛ̀nɛ̀ zím yi, ɛ̀nɛ̀ hí̧í̧ kɔ̧a̧; ɛ̀nɛ̀ áí nú ha̧‘m.","«Kinii nɛ ŋgimbi h’ɛ́nɛ́ mɛ pii ɗoŋ tɛ‘m. Ɛ̀nɛ̀ píí ɗoŋ nɛ see'nɛ́ lɛŋ. GASA WAN a̧ tɔ̧ wen’ɛ: Ɛ̀nɛ̀ zím yi, ɛ̀nɛ̀ hí̧í̧ kɔ̧a̧; ɛ̀nɛ̀ áí nú ha̧‘m.","Ma ke Mahwətə gezete: «Və ya shɛ tsetsenya, zhɛre ɗa mə geva kase le wənə kwetɛŋe. Mene mə səwəmayɛ, nehwene mə ba'a ŋgaɗe mə ghə.","Patala Manwur waçaç so gano: Fer wee le see äi go de jag jiili äay äuy. Heçeç wee bii, ra wee, day ni nday law wee see äay."
JOL.2.13," Déchirez vos coeurs, et non vos vêtements, et revenez à Yahweh, votre Dieu ; car il est miséricordieux et compatissant, lent à la colère et riche en bonté, et il s'afflige du mal  qu'il envoie .","And rend your heart, and not your garments, and turn unto the  Lord  your God: for he is gracious and merciful, slow to anger, and of great kindness, and repenteth him of the evil.","Wulin kayn jetgi dikgi goyo, may mi sligar ɦawaɗi, hotgiyay tam Ma-Vatɗina Lawna vigiya, kay nam sa ma slugo'o, wi kir-hawta kaw. Nam may muɗ ɦiy gosoyɗi, ŋaata valam may vatɗi kaw. Nam hot muɗ varta valamu kay joota, ta nam ga' kay sumuna.","Mvolan ô nji bo na mi nyap ve mengômesane menan, ve minleme mienan mmie mia yiane tyendé. Yaa, bulaʼan e be Nti, Zambe wônan: a ne mvam a éngôngo, njiban a mbamba môt. Nkômesan éyoñ ése ya jôʼé ayaa dé.","Ki ngiram di i zana kumoy ta jak, mbiɗaka mevel kumoyo,» yo moko ng'avu Bumbulvuŋ, Buymisemuŋ kum, naŋ ti mevel mezleŋ, yo a pur ircece haɗi, a ji mevel kutum ta, a gi mezle haɗa. malambaˀ naŋ muwuɗ gi naŋ le da mburo na, a wulka a muŋ.","Seekugo limce he'ataa, ndikka ngaylite ɓerɗe mooɗon.” Lorte haa Allah Jawmiraawo mooɗon, ngam o marɗo enɗam e hinnuye, mo tikkataa law, mo mbooɗeeŋga e gooŋgaaku mum ɗuuɗi, o faasitan waɗugo sarru. ","Seekugo limce he'ataa, ndikka ngaylite ɓerɗe mooɗon.” Lorte haa Allah Jawmiraawo mooɗon, ngam o marɗo enɗam e hinnuye, mo tikkataa law, mo mbooɗeeŋga e gooŋgaaku mum ɗuuɗi, o faasitan waɗugo sarru. ",A̧ka̧ laa k’ɛ́nɛ́ de ŋma mɔ ha̧‘m na. Ɛ̀nɛ̀ kpáí nɛ duka-a k’ɛ́nɛ́ ɛ̧́.» Ɛ̀nɛ̀ píí ɗoŋ pii tɛ GASA WAN Sɔ̧ k’ɛ́nɛ́; a̧ nɛ́ yaa-de-demɔ in a̧ nɛ wi-de-ko; see-aa nyim nɛ haya-a na in a̧ e  ha̧a̧nú  kɔ̧-a̧ duk na. Ɓan na a̧ ee dee ŋgamɔ in bíí duk kaɗi.,A̧ka̧ laa k’ɛ́nɛ́ de ŋma mɔ ha̧‘m na. Ɛ̀nɛ̀ kpáí nɛ duka-a k’ɛ́nɛ́ ɛ̧́.» Ɛ̀nɛ̀ píí ɗoŋ pii tɛ GASA WAN Sɔ̧ k’ɛ́nɛ́; a̧ nɛ́ yaa-de-demɔ in a̧ nɛ wi-de-ko; see-aa nyim nɛ haya-a na in a̧ e  ha̧a̧nú  kɔ̧-a̧ duk na. Ɓan na a̧ ee dee ŋgamɔ in bíí duk kaɗi.,"Yɛ lekwesa ta ŋayɛ yaŋkwahe yɛ we, ama wənəa ŋayɛ yazhɛre yɛ.» Kaganda ne, zhɛre mə geva kase sha Shala Mahwətə ta ŋayɛ: nahe ŋkɛ kenza kande ganyɛa mehele ba'a kande zhɛ heli, kande səwə ghena ba'a kande ɗe ŋkwa. Kazəzə ɗa nyi vate ŋkɛ te mbeli ŋkɛ.","Ngrag wee diñ oçoçbe äayn wo koë wa, coo wee diñ jiili äay. Fer wee le see Manwuri, Baa äay no, werga aà fug äil go ne jar ti, AÀ ko decoo jare. AÀ bay go caa jiili ne jar ti deparday wa. AÀ joñ äil de el ti jare. AÀ fer go mañ jag fen maga se hay riñ ga se aà de äe ne jar ti mono."
JOL.2.14," Qui sait s'il ne reviendra pas et ne se repentira pas, et s'il ne laissera pas après lui une bénédiction, l'offrande et la libation pour Yahweh, notre Dieu ?","Who knoweth if he will return and repent, and leave a blessing behind him; even a meat offering and a drink offering unto the  Lord  your God?","Sa ma as wi'e mi gige la nam min hot bugolomu, la nam min muɗ varta valamu kaw, la nam min hin boldis gaa bugolom klasige? Nam ma vi vulda hiɗi niyna ma yamam goy vok iramna klasige.","Ndôʼôtô a ye tyendé ôsimesan, a jalé mia ne lut a mbamba be mam. Eyoñe te ñhe bia ye bo nguleya soo nye mimveane mi fôn a woon.","Da a sa mbiɗa wuluko kwani, misina i waka? Yo a dirba nah, a sa ɗuwulukum mi, naɓa, kisa soko ti hapa ngi vul waɗ mbaazla ngi pusl da Bumbulvuŋ, Buymisemuŋ kumo.","Moy anndi? Teema o waylititto, o faasitan, nden o accana on barka, haa on keɓa ko on lii'anto Jawmiraawo, Allah mooɗon bana dokke nyaamdu e dokke dufeteeɗe.","Moy anndi? Teema o waylititto, o faasitan, nden o accana on barka, haa on keɓa ko on lii'anto Jawmiraawo, Allah mooɗon bana dokke nyaamdu e dokke dufeteeɗe.","O'o iŋa o, ŋmafara GASA WAN Sɔ̧ k’ɛ́nɛ́ tɛ kpai taamɔ woyo, ɓɛɛ a̧ ha̧a̧ o demɔ h’ɛ́nɛ́; hegɔ ɛnɛ tɛ ha̧ mɔ, ɓɛɛ ɛnɛ aa zɛzɛ ha̧ a̧.","O'o iŋa o, ŋmafara GASA WAN Sɔ̧ k’ɛ́nɛ́ tɛ kpai taamɔ woyo, ɓɛɛ a̧ ha̧a̧ o demɔ h’ɛ́nɛ́; hegɔ ɛnɛ tɛ ha̧ mɔ, ɓɛɛ ɛnɛ aa zɛzɛ ha̧ a̧.","Ya kwete katembeɗe zəzə ŋkɛ ba'a katezhɛne ŋkɛ kamene ŋayɛ ganyɛ wa. Tagha gɛ, wərə yɛ kafə nda ha ba'a tɛ kase ke Shala Mahwətə ta ŋayɛ.","Wose ko ba we ga Manwur fer go fug äili day mañ jag ree sen wo go ne nday ti, Noga kañ bosa' wee ti nen maga nday mo fer sië jage day haç feçeçre ne hen pa gaa la?"
JOL.2.15," Sonnez de la trompette en Sion, publiez un jeûne, convoquez une assemblée.","Blow the trumpet in Zion, sanctify a fast, call a solemn assembly:","Buwgi togolomna hay Siyon, ligi laata, yit kayni ka tigi kafe.","Loñane toñ e Siôn, Bendaʼan éyoñe ya tyi bidi bañetaʼan ékôane bôt.","Fam tulum a Siyoŋ, tiram pal ti gi dalyam, tilam mi ngi gi cikil mipal.","Puufe luwal konu haa Siyona, taaskane suumaye, umre mooɓtorde. ","Puufe luwal konu haa Siyona, taaskane suumaye, umre mooɓtorde. ","Ɛ̀nɛ̀ dɔ́m zak sɛn  Siɔŋ ; ɛ̀nɛ̀ hé mbéá wen zima yi, ɛ̀nɛ̀ sá sara mɔi̧a-a wen gasa Sɔ̧.","Ɛ̀nɛ̀ dɔ́m zak sɛn  Siɔŋ ; ɛ̀nɛ̀ hé mbéá wen zima yi, ɛ̀nɛ̀ sá sara mɔi̧a-a wen gasa Sɔ̧.","Vɛ mə tereme pelɛ Siyon, geze mə və kemene səwəmayɛ, zlape mə tsene nya wəba.","'Wad wee coçoç ma riñ jar ma Siyoñ wo. Heçeç wee bii, 'waa wee äay wo go ne kaçaçra äuy!"
JOL.2.16," Assemblez le peuple, publiez une sainte réunion, rassemblez les vieillards, réunissez les enfants et les nourrissons à la mamelle. Que le nouvel époux quitte sa chambre, et l'épouse son pavillon.","Gather the people, sanctify the congregation, assemble the elders, gather the children, and those that suck the breasts: let the bridegroom go forth of his chamber, and the bride out of her closet.","Tokgi sumuna, ligi dakka ta peldetta. Tokgi sum sa maariyana, tokgi gurosgurayna, guro sa dig sumaysi ci miir kaw. jufay-boyn kaw cukgiyay goy hay ziyna vigi pa, boyn kay tuwgi kaw cukgiyay goyo.","Kôʼane bôt asu beta ékôan. Sulaʼane minnôm a bisoé bi bôt, jaʼan ayôme bongô; bôte bebiene fe be ndôme luʼan be liʼik étune nda ya éliʼiti jap.","Kusoko mizli, zilam vu ngi gi kus mipal. kusoko midigilahaya, cikilaka ziri gawlahay ati ziri ngi mi ɗuwahaya. Gawla muzuɓ ngwas wureˀ aruŋ na, anja a pula viŋ naŋ, ngwas muzuɓ zil wureˀ aruŋ kwana, a pula li hin naŋ.","Mooɓte yimɓe, cene mooɓtorde, mooɓte ndotti'en, kawte ɓikkoy e musinankoy. Ɓaŋɗo wurto suudu muuɗum, ɓaŋaaɗo boo wurto waalordu muuɗum! ","Mooɓte yimɓe, cene mooɓtorde, mooɓte ndotti'en, kawte ɓikkoy e musinankoy. Ɓaŋɗo wurto suudu muuɗum, ɓaŋaaɗo boo wurto waalordu muuɗum! ","Ɛ̀nɛ̀ mɔ́í̧ dukbíí ɛ̀nɛ̀ sá sa̧a̧ giiwi mɛ mɔi̧ wen gasa Sɔ̧ ɛ̀nɛ̀ mɔ́í̧ o gbɛ́rɛ́, o be-ŋgaiwi in o obem nú-bere mbɛt. O wi nɛ baa ŋmaa nɛ mbe-a a̧ e tua-ba-ŋmaa kɔ-wa duk, ɓɛɛ wa a̧ tɛ.","Ɛ̀nɛ̀ mɔ́í̧ dukbíí ɛ̀nɛ̀ sá sa̧a̧ giiwi mɛ mɔi̧ wen gasa Sɔ̧ ɛ̀nɛ̀ mɔ́í̧ o gbɛ́rɛ́, o be-ŋgaiwi in o obem nú-bere mbɛt. O wi nɛ baa ŋmaa nɛ mbe-a a̧ e tua-ba-ŋmaa kɔ-wa duk, ɓɛɛ wa a̧ tɛ.","Tsene mə mbeli yitea tsene nya keveyi geva tekeleke. Rəkwə mə ka meha mehɛɗi, ka mempɛhwetɛti ba'a ŋwalea fəshi. Shavenyɛ za makwa mbe cɛa ŋkɛ, same nda makwa kwa cɛa nta.","Tay wee jar ma äil sirn wo le go äuy! Tay wee le do jar ma bay ëag wo nono. Jar kluuri de weere kleere mo tay wo le äuy, hayba ma ti paçaç wo dra'a. Daga je tiñ mo men tiñ äen go, waçy mo men tiñ naw äen go lay."
JOL.2.17," Qu'entre le portique et l'autel, les prêtres, ministres de Yahweh, pleurent, et qu'ils disent : "" Yahweh, épargnez votre peuple, et ne livrez pas votre héritage à l'opprobre, pour être l'objet des moqueries des nations. Pourquoi dirait-on parmi les peuples : Où est leur Dieu ? ""","Let the priests, the ministers of the  Lord , weep between the porch and the altar, and let them say, Spare thy people, O  Lord , and give not thine heritage to reproach, that the heathen should rule over them: wherefore should they say among the people, Where is their God?","Nigi muliyan-sa-ɗifinna, lakgi jar vun-ziyda hiɗi giwin-ma-ɗifinna, tiygiya, digi ala Ma-Vatɗina, suɗaŋ sumuna vaŋ goy suɗge, hin vocota vaŋ goy hay bam zulotɗige, hinsi goy a sumun cen kuɗsiɗige. A sumun ma di ala: Lawna visi namna ka arige kayn ŋaa'a su?","Betuni ba saane Nti be yônôk e Nda Zambe été e zañ étune nda ba jaé biôm a ataʼa metunaʼa, a yeʼelane Zambe ana: A Nti ko bia ayoñe bôte dôé éngôngo, te kañese ve bôte bôé ôsone nyô, te kañese na meyoñ bikuu me woé bia be jôʼô na: E Zambe wop a bo ñhe jé éyoñe ji?","Masayay ati mizli ngi slra ngi Bumbulvuŋhoyo, ara tuwam ar hay ngi Bumbulvuŋ, ar wala ngi jawleeru ati li gi mikuli. Anja a tumbuloko Bumbulvuŋ, a ɓam: «Bumbulvuŋ, pura ircece da mizli ɗikeye, anja ki pula mizli ɗikeye mesem mesem ta, ɓa sukwi mekelemey a singiram ar taŋ ta, ɓa a ɓam: «Bumbulvuŋ taŋ naŋ amaka?» ta.","Liman'en jagganooɓe Jawmiraawo mboya hakkunde zawleeru haykaliiru e hirsirde maaru. Sey ɓe mbi'a: “Yaa Jawmiraawo, enɗu ummaatoore ma, taa accu ɓe kuɗa yimɓe laatiiɓe maral ma, ngam taa jananɓe njanca ɓe, ngam taa ummaatooje goɗɗe mbi'a: Toy Allah maɓɓe?”","Liman'en jagganooɓe Jawmiraawo mboya hakkunde zawleeru haykaliiru e hirsirde maaru. Sey ɓe mbi'a: “Yaa Jawmiraawo, enɗu ummaatoore ma, taa accu ɓe kuɗa yimɓe laatiiɓe maral ma, ngam taa jananɓe njanca ɓe, ngam taa ummaatooje goɗɗe mbi'a: Toy Allah maɓɓe?”","O wi-ɗafi-sɔ̧ nɛ de tom ha̧ GASA WAN a̧ hi̧i̧ kɔ̧a̧ kɔ̧ Tua ko GASA WAN, mgbara nú-zala in fara-dɔ-kpoo-sɔ̧, ɓɛɛ wa a̧ ai nú ha̧ Sɔ̧ hee mɔ'ɔ ga: «GASA WAN, ɛɛ nɛ dukbíí k’ɛ́nɛ́, ɛ̀nɛ̀ dé ko h’ɛ́ɛ́! Ɛɛ nɛ mɔɔ-oi k’ɛ́nɛ́, k’ɛ́nɛ́ de ha̧ mɔɔ-búù mɛ tik zu yɛ na! K’ɛ́nɛ́ de ha̧ o ŋma gɔni bíí mɛ mam yɛ tɔ̧ nɛnɛ‘e: ‹Sɔ̧ k’ɛ́nɛ́ a̧a̧ bɔɔ dee nde?› na.»","O wi-ɗafi-sɔ̧ nɛ de tom ha̧ GASA WAN a̧ hi̧i̧ kɔ̧a̧ kɔ̧ Tua ko GASA WAN, mgbara nú-zala in fara-dɔ-kpoo-sɔ̧, ɓɛɛ wa a̧ ai nú ha̧ Sɔ̧ hee mɔ'ɔ ga: «GASA WAN, ɛɛ nɛ dukbíí k’ɛ́nɛ́, ɛ̀nɛ̀ dé ko h’ɛ́ɛ́! Ɛɛ nɛ mɔɔ-oi k’ɛ́nɛ́, k’ɛ́nɛ́ de ha̧ mɔɔ-búù mɛ tik zu yɛ na! K’ɛ́nɛ́ de ha̧ o ŋma gɔni bíí mɛ mam yɛ tɔ̧ nɛnɛ‘e: ‹Sɔ̧ k’ɛ́nɛ́ a̧a̧ bɔɔ dee nde?› na.»","Nehwene ka dzeghe nda melɛ ke Mahwətə mbe ghɛa Shala, kwelɛ yɛ ŋkwa kedzeki le reghwetɛ. Ma ke hɛ sha mpi nda dzeve ke Shala: «Mahwətə yawe, zhɛ heli yitea mbelia ŋa, pəli nda ma hawe na ke mbelia ŋa ma, pelema hwelefefi na kayiɗə n'yɛ ma. ‹Tema Shala ta nci gɛ wa?›, ke hɛ sha tegeze.»","Daga jar sië jag ma joñ peele ne Manwurn Mo tay wo le jag tiñ äen ma rage ne hen ti, ma tosge äe gano: Manwuri, men ree le'ge ne jar äon wo ti wa, Kañ soçoçre ne hara ti nen maga jar mo feg wo ti äaara wa. Joñge joñge ga jar waçë ge wo ga Baa äaaran na genla la?"
JOL.2.18," Yahweh a été ému de jalousie pour son pays, et il a eu pitié de son peuple.","Then will the  Lord  be jealous for his land, and pity his people.","Ma-Vatɗin hunayt hobawa hay dikamu, kay nagata valamu, nam min hulot sumuna valam goyo.",Nti a nyeʼe si jé a ko ayoñe bôte dé éngôngo,"Bumbulvuŋ a wuɗ hirwuy naŋ haɗi wãˀ, ara pura ircece da mizli naŋhaya.","Jawmiraawo yiɗi lesdi muuɗum bee yiide haajunde, o enɗi yimɓe ummaatoore maako. ","Jawmiraawo yiɗi lesdi muuɗum bee yiide haajunde, o enɗi yimɓe ummaatoore maako. ","See GASA WAN baa nù kɔ‘i nyɛmna; a̧ dee ko ha̧ dukbíí kɔ̧-a̧,","See GASA WAN baa nù kɔ‘i nyɛmna; a̧ dee ko ha̧ dukbíí kɔ̧-a̧,","Kwele kwele ɗe hɛɗia ŋkɛ Mahwətə, kazhɛ nda heli yitea mbelia ŋkɛ.","Manwur de hun ti sir äe no, aà ko decoo jar äen wo tum."
JOL.2.19," Yahweh a répondu et dit à son peuple : Voici que je vais vous envoyer le blé, le vin nouveau et l'huile, et vous en serez rassasiés ; et je ne ferai plus de vous un sujet d'opprobre parmi les nations.","Yea, the  Lord  will answer and say unto his people, Behold, I will send you corn, and wine, and oil, and ye shall be satisfied therewith: and I will no more make you a reproach among the heathen:","Ma-Vatɗin hot dita, nam di tam sumuna valamu: Duwgiya nan min gi alkamaren tigiya, gulda-guldana hiɗi mula, nigi ma hoba, nan min hingi goy hay zulota hay ɓam sumun loɗi.","a yalane meyeʼelane mé ana: Ma ye beta ve mia fôn, woon a mbon. Biôm bite bia ye ve mia avak! Ma ye bo te beta kañese na mi ku e bikpweʼele ya meyoñ mefe été.","Bumbulvuŋ a zila mi da mizli naŋhay ani: «Ani, i ra slinukum daw alkamari, mbaazla dedeɗeke waɗ mal muɗuco wureˀ aruŋ. Ki sa mbam taŋ pecek. Y'anta sa pulukum ɓa sukwi mekelemey a pukum mesem ta ndiɗaˀ wãˀ.",O jaabi ɓe ni'i: “Ndaa mi neldi on alkamaari e inaboojam e nebbam haa on kaara. Mi meetataa accugo ummaatooje njanca on. ,O jaabi ɓe ni'i: “Ndaa mi neldi on alkamaari e inaboojam e nebbam haa on kaara. Mi meetataa accugo ummaatooje njanca on. ,"ɓɛɛ a̧ kifi nú ha̧ wa tɛ kɔfa-sɔ̧ kɔ-wa'e: «Mi tɛ ha̧ alkamaari, mbe dɔ̧ɔ̧ in mbe nɔ h’ɛ́nɛ́ woyo; ɛnɛ tɛ kpa o mɔɔ nɔ‘i nɛ dɔka-a. Mi beka de ha̧ búù mɛ ba'nɛ́ ti o gɔni bíí ɓɔna.","ɓɛɛ a̧ kifi nú ha̧ wa tɛ kɔfa-sɔ̧ kɔ-wa'e: «Mi tɛ ha̧ alkamaari, mbe dɔ̧ɔ̧ in mbe nɔ h’ɛ́nɛ́ woyo; ɛnɛ tɛ kpa o mɔɔ nɔ‘i nɛ dɔka-a. Mi beka de ha̧ búù mɛ ba'nɛ́ ti o gɔni bíí ɓɔna.","Ma ke Mahwətə zhɛnete nda ke mbelia ŋkɛ: «'Ya katezhɛne kaghwene ŋayɛ ha, tɛ ba'a n'yi nya lɛnɛa. Katenza yɛ behe behe va hɛ. Katezhɛne 'ya kapele kweci hwelefefi kezha yiɗə ŋayɛ tɛape we.",Manwur kal yiñ jag ne jar äen wo day riñ ra gano: Patala ndi haç ge coore yañ wo ne nday de yii ma defay wo de noo. Nday kaçaç ge yañ go day ndi men ge nday ge go mbuë fo yoo wer jar wo gaa so.
JOL.2.20," Celui qui  vient  du septentrion, je l'éloignerai de vous, et je le chasserai vers une terre aride et déserte, l'avant garde vers la mer Orientale, l'arrière-garde vers la mer occidentale ; il s'en élèvera une infection, et sa puanteur montera, car il a fait grand !","But I will remove far off from you the northern army, and will drive him into a land barren and desolate, with his face toward the east sea, and his hinder part toward the utmost sea, and his stink shall come up, and his ill savour shall come up, because he hath done great things.","Sa ma gaw kigina ma hay gal ma gaana, nan min gum iram goy tigi gine'e, nan min gun iram hay nagat ta goy soyta, hiɗi ta goy ful ɦawa. Sojena visi sa tuni voksina, nan min gisi irsi hay niy-lumna ma ŋolla, ma gal kuɗuwna, sa tuni bugolsina hay niy-lumna ma ŋolla, ma gal vulatina may. hista visi ma mer goyo, buwta visi ma kal ta-ta kulo dukalawna, kay nisi li slen ma ŋulon ŋolo.","Ma ye titane besiñe benan be nga so mfaʼa yʼakôé, ma ye tindi be ôyap mfaʼa mesi me ne bilik a nkôt, ma ye sôʼôlô asuzoʼo ya nkane bita wé évele mañ, nkane bita wé ya ô tele mvus ñwô ma ye sôʼôlô e beta mañ été. Mimbime miap mia ye mialane mbia ényum a ye ndamane mfep. Nalé ate ba be nga bo mia abim abé te ba ye jañ.","Mesene kum maso tir vay muŋ na, i sa ɓula kileŋ avu kumo, i sa ɓulaŋ ng'ar li papala mikiɗak kirɗak, soje misek ngi mbuŋhoyo, i sa pa taŋ haŋ ng'ar mubuliy mumucaŋ, yo soje misek ngi dirbahaya, i sa pa taŋ haŋ ng'ar mubuliy Mediterane, vagay naŋ a sa zĩˀĩ tititi, zĩˀĩ naŋ a sa tisla li tisl: haˀaw, ya Buymisemuŋ i gi gwat madiɗahay le.»","Konne'en iwɓe woyla, mi daaynan ɓe e mooɗon, mi riiwan ɓe haa lesdi njoorndi perewndi. Mooɓre maɓɓe aartunde ndiiwanmi haa mbeela fuunaaŋge, mooɓre maɓɓe sakkitiinde boo haa mbeela hiirnaaŋge. Kacceeŋga nyolki maɓɓe eeŋgan dow, ngam min Jawmiraawo mi huuwi kuuɗe mawɗe.","Konne'en iwɓe woyla, mi daaynan ɓe e mooɗon, mi riiwan ɓe haa lesdi njoorndi perewndi. Mooɓre maɓɓe aartunde ndiiwanmi haa mbeela fuunaaŋge, mooɓre maɓɓe sakkitiinde boo haa mbeela hiirnaaŋge. Kacceeŋga nyolki maɓɓe eeŋgan dow, ngam min Jawmiraawo mi huuwi kuuɗe mawɗe.","Mi tɛ ndak o gba-dɔya nɛ tɛ tɛ nɛ ká̧-zan-mɛ́-ŋgɔn nɛ nyɛi̧a-a si ŋga-gbárà mɛ. Mi tɛ ndak o wí-nɛ̀-gɔ̀n-zù kɔ-wa a ɗɔɔ gba-tɔp-tɔŋ nɛ war daŋa-wese, ɓɛɛ mi ndaka o wi-kpe-ndaa-gɔtɔ a ɗɔɔ gba-tɔp Tɔŋ nɛ war yee-wese. Pɛ̀r wɔr-wa tɛ nun nɛ ŋgaya-a, ɓɛɛ zaŋa ŋmaa in búk ɓókólók.» Nɛ mbetɛ, wa ɗaŋa so mɔ nyɛmna!","Mi tɛ ndak o gba-dɔya nɛ tɛ tɛ nɛ ká̧-zan-mɛ́-ŋgɔn nɛ nyɛi̧a-a si ŋga-gbárà mɛ. Mi tɛ ndak o wí-nɛ̀-gɔ̀n-zù kɔ-wa a ɗɔɔ gba-tɔp-tɔŋ nɛ war daŋa-wese, ɓɛɛ mi ndaka o wi-kpe-ndaa-gɔtɔ a ɗɔɔ gba-tɔp Tɔŋ nɛ war yee-wese. Pɛ̀r wɔr-wa tɛ nun nɛ ŋgaya-a, ɓɛɛ zaŋa ŋmaa in búk ɓókólók.» Nɛ mbetɛ, wa ɗaŋa so mɔ nyɛmna!","'Ya kateŋka ka jaga ta ŋayɛ nyi kesawa laka bela kwa gwela, 'ya kateŋka hɛ kadzete hɛɗi nya dɛrɛŋe rɛŋe ba'a nya keghwele ghwele, 'ya katebete ka ncɛ kema ta nci kwa ndərə kwa Ghwənəghwə ba'a ka dale sebe ta nci kwa ndərəa Mɛditɛranɛ. Katebeze sefə geva ta ka mpə mpə nyi kezəŋwə ndiremike mike. Tsetse teza sebe te mbeli nyi kese kamene ŋayɛ wəshi nyi ndiremi ndiremi.","Ndi mañ ge äil jar hee äay maga a wo le nen äañ gloñhwede Wo yañ wo go see äay haçaç. Maga sen hay wo wo seege pele, Ndi srog ge ra yañ wo go nen marog ma nen wur bo toñ no, Maga sen wo le blam, ndi srog ge ra yañ go nen marog ma nen wur bo lawn lay. AÀ soç' ge wo yañ go, day foçoçre äaara yaçaç ge ngeel yañ wo go äuy. Ndi joñ ge ra dosen nono werga a joñ wo nday de älagge debañ."
JOL.2.21," Terre, ne crains pas, sois dans l'allégresse et réjouis-toi ; car Yahweh a fait grand !","Fear not, O land; be glad and rejoice: for the  Lord  will do great things.","Nagata tuwag li narɗi, firiyagu, siwelag kulo ŋolo, kay Ma-Vatɗina li sle ma ŋulonawa kagu.","A wo, a si, te beta ko woñ! A ntoo ve bôlé a mevak, amu Nti a bo beta be mam.","Hirwuy, ki zluwun ta! Zluzluɓ, mumul: asi ya Bumbulvuŋ i gi gwat madiɗahay le.","An lesdi, taa hul! Ammaa welweltu, seya, ngam min Jawmiraawo mi huuwi kuuɗe mawɗe! ","An lesdi, taa hul! Ammaa welweltu, seya, ngam min Jawmiraawo mi huuwi kuuɗe mawɗe! ","Kɔ-mɛ, nu’ɛ, ká mɛ de kíì na; mɛ̀ kpá desee, mɛ̀ dé nyɛŋɛ wen GASA WAN de nɛ o gasamɔ.","Kɔ-mɛ, nu’ɛ, ká mɛ de kíì na; mɛ̀ kpá desee, mɛ̀ dé nyɛŋɛ wen GASA WAN de nɛ o gasamɔ.","Hɛɗi, ghazlənəma na gɛ ma! Zlama ba'a nza fare fare, kwa nza ŋkɛ kamene wəshi nyi jama jama Mahwətə.","Nday jar ma ti tamsir no, joñ wee heçeçne wa so. Jag äay mo caa feg so, joñ wee mbay fruygi so lay, Werga Manwur de joñ fen ma woo weege."
JOL.2.22," Ne craignez point, bêtes des champs, car les pâturages du désert ont reverdi, car l'arbre porte son fruit, le figuier et la vigne donnent leurs richesses.","Be not afraid, ye beasts of the field: for the pastures of the wilderness do spring, for the tree beareth her fruit, the fig tree and the vine do yield their strength.","Muuriya ma hay fulda, ligi narɗi, kay liyn ma soy goyna hay fulda ma hot goɗa, kay guna ma hot vuɗ lo, gu-gumna hiɗi gulda-guldana ma hot vuɗ lo.","Mia, betit, te beta koone woñ! Biloʼo ya si ôzôm bi nga beta bo mimfefé, bilé bi mbeʼe bibuma, befigié a mindiʼi mi woon bi ntoo ne joʼolan.","Kum gwat misãmi ngi ɓuhoy, ki zluwunam ta, li zum kum ngi ɓuh ara pus giziŋ silip silip, widisey ara yam, uruf ati gudubuno, a roko locok locok.","Onon dabbaaji ladde, taa kule! Ngam durduɗe nder ladde puɗiti, leɗɗe ɗon ndima, ibbi e inabohi ɗon ndima ɓiɓɓe. ","Onon dabbaaji ladde, taa kule! Ngam durduɗe nder ladde puɗiti, leɗɗe ɗon ndima, ibbi e inabohi ɗon ndima ɓiɓɓe. ","Ɛnɛ o saɗi, k’ɛ́nɛ́ de kíì ɓɔna, wen mbɔɗi zɔ̧ ku̧u̧ naŋ ɓɔa-a, o te waia kaɗi, o te-mbɔra in waya-nyak-dɔ̧ɔ̧ yá zúk-zúk gee.","Ɛnɛ o saɗi, k’ɛ́nɛ́ de kíì ɓɔna, wen mbɔɗi zɔ̧ ku̧u̧ naŋ ɓɔa-a, o te waia kaɗi, o te-mbɔra in waya-nyak-dɔ̧ɔ̧ yá zúk-zúk gee.","Wəshi keseɗa nyi hwa gamba, ghazlənəma yɛ gɛ ma! Ɗa yaɗa gwəzə nyi hwa gamba, ya yaya yɛ wəfe, nahe dasekwa ba'a rɛzɛŋe kenza ŋkeŋkerɛape.","Nayre ma mbasga wo, joñ wee heçeçne wa so. Gahaçyla fi fer yañ laage, koore fer wo yañ leë ge lay, Koo hoçoç wo de tlalum fer ge wo yañ ruggi lay."
JOL.2.23," Et  vous , enfants de Sion, soyez dans l'allégresse et réjouissez-vous en Yahweh, votre Dieu ; car il vous a donné le docteur pour  vous enseigner  la justice, et il fait descendre pour vous l'ondée, pluie d'automne et pluie du printemps,  comme  autrefois.","Be glad then, ye children of Zion, and rejoice in the  Lord  your God: for he hath given you the former rain moderately, and he will cause to come down for you the rain, the former rain, and the latter rain in the first month.","Nigiya, gurona vi Siyon, ligi firiya, ciriygi ŋolo hay Ma-Vatɗina Lawna vigiya. Kay nam min vulgi niyna hay liyamu. Nam ma vulgi niy ma cuk jafn hay liyamu, niy ma cawna hay liyam kaw ki ay jew ɓa-ɓa nala.","A mia, bôte be too Siôn, muñan a mevak, amu Nti, e Zambe wônan. E suʼu ésep a lôme mia, a noo mveñ ôyôn a mveñ ésep avalʼane melu mvus.","Kum mizli Siyoŋhoy, zluzluɓam, mumulom asi Bumbulvuŋ Buymisemuŋ kum. A gukum vuŋ ngi mohoro, ɓa a luhukum, a gukum vuŋ mezle ti mohor waɗ ti sifi, ka misi zle muŋ.","Onon boo, yimɓe Siyona, mbelmbelte, ceyore Jawmiraawo, Allah mooɗon, ngam mi mo'ani on iyeende arannde, mi toɓnani on iyeele, iyeende arannde e ragareere fuu bana naane. ","Onon boo, yimɓe Siyona, mbelmbelte, ceyore Jawmiraawo, Allah mooɗon, ngam mi mo'ani on iyeende arannde, mi toɓnani on iyeele, iyeende arannde e ragareere fuu bana naane. ","Ɛnɛ o wi nɛ ɔ sɛn  Siɔŋ , ɛ̀nɛ̀ kpá desee, ɛ̀nɛ̀ dé nyɛŋɛ wen zu GASA WAN Sɔ̧ k’ɛ́nɛ́. A̧ tɛ de ha̧ kórò mɛ hɔ mɛ tiger-bɛɛ wen gbaka'nɛ́; a̧ tɛ de ha̧ kórò tiger-bɛɛ in wan mɛ nu kórò mɛ hɔ nɛ dɔka-a hee nɛti ga.","Ɛnɛ o wi nɛ ɔ sɛn  Siɔŋ , ɛ̀nɛ̀ kpá desee, ɛ̀nɛ̀ dé nyɛŋɛ wen zu GASA WAN Sɔ̧ k’ɛ́nɛ́. A̧ tɛ de ha̧ kórò mɛ hɔ mɛ tiger-bɛɛ wen gbaka'nɛ́; a̧ tɛ de ha̧ kórò tiger-bɛɛ in wan mɛ nu kórò mɛ hɔ nɛ dɔka-a hee nɛti ga.","Mbeli nyi mbe Siyon, zlama mə ba'a nza mə fare fare tewəmbəreke Shala Mahwətə ta ŋayɛ. Kame ŋayɛ meŋzleghele ŋkɛ kezha mbele ŋayɛ, kame ŋayɛ va ŋkɛ le vəa ŋkɛ kala nya vəashi.","Ma äay jar Siyoñ no, jag äay mo caa fege. Joñ wee fruygi wer Manwuri, Baa äay no. Baa tï¡ï¡ wer rage yañ day taw rage yañ go ti wur äe do ma äaa nono."
JOL.2.24," Vos aires se rempliront de froment, et les cuves regorgeront de vin nouveau et d'huile.","And the floors shall be full of wheat, and the fats shall overflow with wine and oil.","Muɗakŋa vigi ma hob hiɗi wana, Dutay-baara vigiya ma hob hiɗi vin ma jibetna hiɗi mula.",Mekañ me ntoo njalan a fôn befandé ba fuluku a woon a mbon.,"Mǝlaŋhaya, li gar i daw, magayak madiɗahaya, cikisleˀ cikisleˀ ti mbaazla dedeɗeke maɗ ti mal muɗuco wureˀ aruŋ.","Laarre  heewan alkamaari, ɓiɗɗirɗe keewan inaboojam e nebbam haa rufa. ","Laarre  heewan alkamaari, ɓiɗɗirɗe keewan inaboojam e nebbam haa rufa. ",O fara-gusi-alkamaari tɛ dun; o gba kpánà tɛ dun nɛ̀ mbe dɔ̧ɔ̧ in mbe nɔ̧́.,O fara-gusi-alkamaari tɛ dun; o gba kpánà tɛ dun nɛ̀ mbe dɔ̧ɔ̧ in mbe nɔ̧́.,"Katenza yɛ tame viɗi viɗi va ha, katenza yɛ weta pɛre pɛre va tɛ ba'a yɛ seka ghɛafe ghɛafe va n'yi.",Yaage äayn bag ge wo yañ go de coore. Caçaçge äayn bag ge wo yañ go de yii ma defay wo de noo lay.
JOL.2.25," Je vous compenserai les années qu'ont dévorées la sauterelle, le yélek, le chasil et le gazam, ma grande armée, que j'avais envoyée sur vous.","And I will restore to you the years that the locust hath eaten, the cankerworm, and the caterpiller, and the palmerworm, my great army which I sent among you.","Busa ma ɓok-ɓokona hiɗi baar-jerena, hiɗi baar-girim-girimna hiɗi baar-bobona ma ti wan goyna nan min wurakgita. Kay nam can mi sojena vanu sa nan cuksis kay durgina.","Yaa, Nti a jô na ma tañe bidi mi nga yiane kôan mbie nsamba ôdiidii me nga lôme mia ô nga mane di: minkôñ, bitandak, fos, a bembaʼa.","Buy misemuŋ a ɓi: «Mumuyuŋ, yuk, tuˀuf waɗ jaray, soje ɗuwoy mihaɗa tayna, ya mislina taŋ ng'ar kum, vihey misi taŋ muzumaka gwat ngi migam kumoy na, i wurkukum taŋ a muŋ.","Mi hokkitan on ko on majjini nder duuɓi ɗi nyaamoowu e mbaɓɓattu e ngilŋgu e ndo'u nyaami ƴaamle gese mooɗon, jama'aare konu am mawnde nde neldunoomi caka mooɗon. ","Mi hokkitan on ko on majjini nder duuɓi ɗi nyaamoowu e mbaɓɓattu e ngilŋgu e ndo'u nyaami ƴaamle gese mooɗon, jama'aare konu am mawnde nde neldunoomi caka mooɗon. ","GASA WAN tɔ̧a̧: «Mi tɛ ha̧ mbe mɔ h’ɛ́nɛ́ woyo oi o nyɔnɔ nɛ o ŋga wi-biro kɔ‘m, o nàá-dɔɔsɔ̧ɔ̧, o nàá-wazala, o gba-dɔya in o ndondo-gba-dɔya ɗaŋa, wen nɛ́ mi a̧ toma so wa mɛ bi'nɛ́.","GASA WAN tɔ̧a̧: «Mi tɛ ha̧ mbe mɔ h’ɛ́nɛ́ woyo oi o nyɔnɔ nɛ o ŋga wi-biro kɔ‘m, o nàá-dɔɔsɔ̧ɔ̧, o nàá-wazala, o gba-dɔya in o ndondo-gba-dɔya ɗaŋa, wen nɛ́ mi a̧ toma so wa mɛ bi'nɛ́.","'Ya kateŋki ŋayɛ wəshia ŋayɛ nyi zehwe yɛ geteɗə, yɛ dzale, yɛ zhamaya ba'a yɛ jagha, wəvəsəa wəshi nyi ghweneke nyi 'ya yitea gheyɛ.","Ndi fer ge coore maga nday hay nen da'ge äe nen kiñgi ma blam wo yañ go ne nday äuy. Diñ coore ma nen kiñgi maga magalga, gejere, mapoë wo de degornog maga Ndi hay laa ra wee ti reen wo go mono."
JOL.2.26," Vous mangerez abondamment et vous serez rassasiés, et vous louerez le nom de Yahweh, votre Dieu, qui a fait pour vous des merveilles ; et mon peuple ne sera plus jamais confus.","And ye shall eat in plenty, and be satisfied, and praise the name of the  Lord  your God, that hath dealt wondrously with you: and my people shall never be ashamed.","Nigi ma ti'e hob kaw, nigi ma yi sem Ma-Vatɗina Lawna vigiya, kay nam li slen ma ɦuyumna ŋolo kigiya. Sumuna vanu ma lak hay zulot loɗi.","Mia ye di a jaé, mia ye kañe ma Nti, e Zambe wônan, nyô a bo bitua bi mam asu denan. A teke fe na ayoñe bôte dam da ye beta bili ôson.","Ki sa zumam hã pecek, kisa hunumikiy ya Bumbulvuŋ, Buymisemuŋ kumo, ya migi cekenehey vur kumo, mizli ɗuwoy anta pam mesem mata ndiɗaˀ wãˀ.","Nden on nyaaman, on kaaran. On maŋgtan innde Jawmiraawo, Allah mooɗon mo waɗani on kaayeefiijum. Ummaatoore am meetataa semtineego! ","Nden on nyaaman, on kaaran. On maŋgtan innde Jawmiraawo, Allah mooɗon mo waɗani on kaayeefiijum. Ummaatoore am meetataa semtineego! ","Ɛnɛ tɛ nyɔŋ mɔ zaŋ‘nɛ́ sur, ɛnɛ tɛ gas'am, mi GASA WAN Sɔ̧ k’ɛ́nɛ́, nɛ dee o gba demɔ wen'nɛ́; hegɔ foe beka de dukbíí kɔ‘m woyo ɓɔna.","Ɛnɛ tɛ nyɔŋ mɔ zaŋ‘nɛ́ sur, ɛnɛ tɛ gas'am, mi GASA WAN Sɔ̧ k’ɛ́nɛ́, nɛ dee o gba demɔ wen'nɛ́; hegɔ foe beka de dukbíí kɔ‘m woyo ɓɔna.","Katezeme wəshi kezeme yɛ behe behe, katetsahe sləa ɗa yɛ, 'ya Shala Mahwətə ta ŋayɛ nya kemene ŋayɛ wəshi meŋele. Katezhɛne hawe kadzete mbelia ɗa tɛape we.","Nday ree ge yañ go ti koñne äay day nday togoë ge ndi Manwuri, Baa äayn yañ. Nday jar mani äin nday joñ ge nen soçoçre gaa so has wer feçeçre äuëgi maga ndi joñ ge ra see äay mono."
JOL.2.27," Et vous saurez que je suis au milieu d'Israël ! Moi, je suis Yahweh, votre Dieu, et il n'y en a point d'autre, et mon peuple ne sera plus jamais confus !","And ye shall know that I am in the midst of Israel, and that I am the  Lord  your God, and none else: and my people shall never be ashamed.","Nala nigi ma wi ala nan ka jar sa Israyella, nanu mi Ma-Vatɗina Lawna vigiya, Lawn mara ma ŋiray hiɗi nan mayɗi, Sumuna vanu ma lak hay zulot loɗi. Ŋusta Peldetta ma ɓuraw goy kay sumuna","Eyoñe te mia ye yeme na me ne zañe jenan éyoñ ése a bone bʼIsraél, na ma me ne Nti, e Zambe wônan, teke môte mfe! Teke foʼo bebé, ayoñe bôte dam da ye bo te beta bili ôson.","Ki sa sinaka na, ya, y'ada a wuzla Israyel, mizli ɗuwoyo, yo yi Bumbulvuŋ, Buymisemuŋ kum, mekelem anta. mizli ɗuwoy anta pam mesem mata ndiɗaˀ wãˀ.»","Nden kam on anndan min mi ɗon caka Isra'iila, min mi Jawmiraawo, Allah mooɗon, walaa goɗɗo feere. Ummaatoore am meetataa semtineego!”","Nden kam on anndan min mi ɗon caka Isra'iila, min mi Jawmiraawo, Allah mooɗon, walaa goɗɗo feere. Ummaatoore am meetataa semtineego!”","Hegɔ ɛnɛ tɛ iŋ nde, mi a̧a̧ sɛn mgbara'nɛ́, o be  Israɛl . GASA WAN Sɔ̧ k’ɛ́nɛ́ nɛ́ mi nɛ zu'm, ŋma bo na. Hegɔ foe beka de dukbíí kɔ‘m woyo ɓɔna.»","Hegɔ ɛnɛ tɛ iŋ nde, mi a̧a̧ sɛn mgbara'nɛ́, o be  Israɛl . GASA WAN Sɔ̧ k’ɛ́nɛ́ nɛ́ mi nɛ zu'm, ŋma bo na. Hegɔ foe beka de dukbíí kɔ‘m woyo ɓɔna.»","Tagha gɛ, kateɗepete yɛ 'ya ya hwa gheyɛ, gheyɛ ka Israyɛl, 'ya ya kaMahwətə Shala ta ŋayɛ, kwete Shala shɛ we. Katezhɛne hawe kadzete mbelia ɗa tɛape we.»","Ti wur sen ni, nday jar Israyel, jar ma ni äin, Nday ko ge yañ ga ndi Manwuri, Baa äayn ti holañ äay. Nday ko ge yañ lay ga Baa ma tigriñ bay do ndi no wa so. Day nday jar mani äin nday joñ ge nen soçoçre gaa so has lay."
JOL.3.1," Et il arrivera après cela que je répandrai mon Esprit sur toute chair. Et vos fils et vos filles prophétiseront, vos vieillards auront des songes, vos jeunes gens verront des visions.","For, behold, in those days, and in that time, when I shall bring again the captivity of Judah and Jerusalem,","Bugol kayni nan ma was ŋusta vanu goy kay sumun kafe. Joriyona hiɗi guro-boyna vigiya, ma di kay slen ma voksina. Sa maariyana vigiya duwayt ma disiya, sa gurayna vigiya slen ma vul tuwam kirsiya.","Eyoñe mam mete me maneya, ma ye sôé Nsisime wom e be môta binam ase. Bobefame benan a bobebinga benan ba ye kulu mejô. Minnôm mi bôte mienan mia ye yeme biyeyem a bendômane ki ba ye yene mam.","Buymisemuŋ a ɓi: «A dirba nah na, i sa po ˀUf ɗu ar mbur titira gar. Ziri kum mizilehey ati mongosohoy, a sa ɓam ɓi ngi gwat masa gi tumbuŋ, midigila kumoy a sa musuwunam, yo gawla ati diili kumoy a sa puram ti kleŋ.","“Ɓaawo man mi waanjan Ruuhu am dow yimɓe fuu: Ɓiɓɓe mon worɓe e rewɓe mbaɗan annabaaku, ndotti'en mooɗon koyɗan koyɗi, suka'en mooɗon keɓan wahayuuji. ","“Ɓaawo man mi waanjan Ruuhu am dow yimɓe fuu: Ɓiɓɓe mon worɓe e rewɓe mbaɗan annabaaku, ndotti'en mooɗon koyɗan koyɗi, suka'en mooɗon keɓan wahayuuji. ","Ɓɛɛ GASA WAN tɔ̧ siti: «Mi tɛ ha̧  Ɔmi  kɔ‘m ha̧ o bíí lɛŋ; o bem k’ɛ́nɛ́ mɛ́ be-wiwii-a in o be-okoo-a tɛ tɔ̧ wen oi nú Sɔ̧; o gbɛ́rɛ́ k’ɛ́nɛ́ tɛ ɔ zu, ɓɛɛ mi tɛ hɔ zu ha̧ o be-ŋgaiwi k’ɛ́nɛ́.","Ɓɛɛ GASA WAN tɔ̧ siti: «Mi tɛ ha̧  Ɔmi  kɔ‘m ha̧ o bíí lɛŋ; o bem k’ɛ́nɛ́ mɛ́ be-wiwii-a in o be-okoo-a tɛ tɔ̧ wen oi nú Sɔ̧; o gbɛ́rɛ́ k’ɛ́nɛ́ tɛ ɔ zu, ɓɛɛ mi tɛ hɔ zu ha̧ o be-ŋgaiwi k’ɛ́nɛ́.","Ma ke Shala gezete: «Ma kwetere wəmbəa ŋkɛ ne, kateve nda Sefəa ɗa 'ya ke mbeli pɛtɛ. Katenza ŋwale tezhilia ŋayɛ ba'a ŋwalea kwɛa ŋayɛ kaka mɛ ŋkwa, kateshiwə ka meha mehɛɗia ŋayɛ ba'a katenewe wəshi ka mempɛhwetɛtia ŋayɛ laka kelɛŋə.","Blam sen mokay no, ndi cwaa ge Nenterse äin yañ ne wosela äuy ti. Weere äay wo de mayre äay ndar ge wo nen waçaçre Baa yañ go. Jar kluuri äay lwaë ge wo yañ, Ndi ndar ge nen feçeçre wo yañ ne weere joçoçre äayn wo lay."
JOL.3.2," Même sur les serviteurs et sur les servantes, en ces jours-là je répandrai mon esprit.","I will also gather all nations, and will bring them down into the valley of Jehoshaphat, and will plead with them there for my people and for my heritage Israel, whom they have scattered among the nations, and parted my land.","Sa gorvona van ɦawa kaw, nan min was ŋusta van goy tisiya, sa jufayna hiɗi sa boyn kaw.",Toʼo na e be bebo bisaé befam a binga ma ye sôé Nsisime wom melu mete.,"ko ar gawla ɗu mizile ati mongosohoy kwana, tapasa, i sa po ˀUf ɗu angi taŋ.","Koo dow maccuɓe e horɓe, mi waanjan Ruuhu am nder saa'i man. ","Koo dow maccuɓe e horɓe, mi waanjan Ruuhu am nder saa'i man. ","Tɛ ŋgimbi'i, kóó nɛ wi-de-tom, kóó nɛ kó-de-tom, mi tɛ ha̧  Ɔmi  kɔ‘m ha̧ a̧.","Tɛ ŋgimbi'i, kóó nɛ wi-de-tom, kóó nɛ kó-de-tom, mi tɛ ha̧  Ɔmi  kɔ‘m ha̧ a̧.","Ma vəa ŋkwa shɛ ne, kateve Sefəa ɗa 'ya kənəa ka mavashi ba'a ka kwaterashi.","Ti wur sen ni, ndi cwaa ge Nenterse äin ne gebere wo dra' ti lay, Ma twerpiiri wo de ma tenaare äaaran wo äuy."
JOL.3.3," Je ferai paraître des prodiges dans les cieux et sur la terre, du sang, du feu et des colonnes de fumée.","And they have cast lots for my people; and have given a boy for an harlot, and sold a girl for wine, that they might drink.","Nan ma li ɗekka kulo hay dukalawna, gaa kay nagat kaw, nigi ma wi busuwna; kuta, hiɗi nuk ma pat kamu.","Ma ye liti bitua bi mam e yôp a si: metyi, nduan a ôtita minkut.","I sa gi gwat migam ɗaˀ tahay a muŋ waɗ a ruwuyo, pumbus, vu waɗ musure ngi cunju.",Mi waɗan kaayeefiiji haa asama e dow lesdi: Ƴiiƴam e yiite e daŋraŋge cuurɗe mbaŋgan! ,Mi waɗan kaayeefiiji haa asama e dow lesdi: Ƴiiƴam e yiite e daŋraŋge cuurɗe mbaŋgan! ,«Mi tɛ de mɔɔ-gɔn-ɗɛɗɛ sɛn yiwese in sɛn zu nu; bíí tɛ zɔk tɔk in wee ká bá nɛ̀ tura zi-wee.,«Mi tɛ de mɔɔ-gɔn-ɗɛɗɛ sɛn yiwese in sɛn zu nu; bíí tɛ zɔk tɔk in wee ká bá nɛ̀ tura zi-wee.,"Katemene wəshi meŋele 'ya pelɛ ghweme ba'a kwake te hɛɗi, mimi, ghwə ba'a geɗeɗe ta n'yi.","Ndi joñ ge feçeçre mbuëgi wo yañ nen ngeel ma ciñ lay ti tamsir lay. Nday ko ge wuu wo de ci yañ de nen äay, cug ndar ge yañ ciñ debañ lay."
JOL.3.4," Le soleil se changera en ténèbres, et la lune en sang, avant que vienne le jour de Yahweh, grand et terrible.","Yea, and what have ye to do with me, O Tyre, and Zidon, and all the coasts of Philistia? will ye render me a recompence? and if ye recompense me, swiftly and speedily will I return your recompence upon your own head;","Fatta ma muɗ goy jufunu, tilla ma muɗ goy busuwu, kayni ma li'e jew mata vi Ma-Vatɗina. Fatta ŋolda ta ɦuyum kuɗa'ta.","Jôp da ye bo ékukut ngone ki évele ane metyi, te na môse Nti ô so, beta a ékowoñe môs ôte.","Ti hin ngi Bumbulvuŋ, hin mimadiɗa magi zluwun haɗa na, pas a sa mbiɗi a go luvuŋ, yo kiya a sa tiri gagazakaɓa pumbusu.»","Naaŋge nyiɓɓan, lewru boo woojan bana ƴiiƴam. Nden nyalaade am mawnde hulniinde waran !” ","Naaŋge nyiɓɓan, lewru boo woojan bana ƴiiƴam. Nden nyalaade am mawnde hulniinde waran !” ","Wese tɛ ba tum, ɓɛɛ nyaŋa-zɛ tɛ gbɛ̧ zóŋ-zóŋ hee tɔk ga nɛti sɛka wese ko GASA WAN hɔa. Wese'i tɛ duk nɛ gasa wese in wese-ŋgamɔ.»","Wese tɛ ba tum, ɓɛɛ nyaŋa-zɛ tɛ gbɛ̧ zóŋ-zóŋ hee tɔk ga nɛti sɛka wese ko GASA WAN hɔa. Wese'i tɛ duk nɛ gasa wese in wese-ŋgamɔ.»","Katezhɛre veci ngərə ngərə ba'a tere kamimi, nda tese vecia Mahwətə, veci nya wəba ba'a nya dzawe.»","Suñgu äo' ge yañ go ne wur nene, few kol ge yañ go de seçeç do ci no lay. Sen mo äuy go tañgu maga wur ma kluu mani Manwurn a ge mono."
JOL.3.5," Et quiconque invoquera le nom de Yahweh sera sauvé ; car sur la montagne de Sion et de Jérusalem, il y aura une réunion de sauvés, comme l'a dit Yahweh, et parmi les survivants que Yahweh appelle !","Because ye have taken my silver and my gold, and have carried into your temples my goodly pleasant things:","Hay buur namna ɗawni, sa ma yi sem Ma-Vatɗinawana, nam ma fi su'da. Su'da ma co'o kay hiɗiyta vi Siyon, hay Yerusalem kaw. Ki Ma-Vatɗin di nala, sa hin kuɗsina Ma-Vatɗin min vulsi yita.","A ye bo na môt ase a ye sili mvolane be Nti a ye nyiiban. E Yérusalém, e nkôle siône yôp, bôte bʼéziñ ba ye fame bidim bia ye kui avale Nti a nga ve ngakaʼa. Balé bete ba ye bo ba a loone na be nyiñ.","Akẽh na, ko waka gar mizila slimiɗ ngi Bumbulvuŋ le na, a sa lihi. Asi mike na, mizli ada masa ndiram ti siifa a muwã Siyoŋ waɗ a Zeruzaleme, kaɓa Bumbulvuŋ miɓa zleˀe, i mizli naŋ Bumbulvuŋ masa zila taŋ.","Ammaa koo moy ewnotooɗo innde Jawmiraawo, hisan. Ngam hisanɓe ngonan dow hooseere Siyona, nder berniwol Urusaliima, bana no Jawmiraawo wi'i. Mo Jawmiraawo ewni ɗum, yeeɗan .","Ammaa koo moy ewnotooɗo innde Jawmiraawo, hisan. Ngam hisanɓe ngonan dow hooseere Siyona, nder berniwol Urusaliima, bana no Jawmiraawo wi'i. Mo Jawmiraawo ewni ɗum, yeeɗan .",Hegɔ ɓɛɛ kóó o nde nɛ tɛ sa nin GASA WAN tɛ kpasi; o bíí nɛ GASA WAN tɛ hok tɛ kpasi tɛ ŋgamɔ‘i sɛn zu kaya  Siɔŋ  Jerusalɛm mɛ hee mɔ'ɔ n'aa tɔ̧ɔ̧ so ga.,Hegɔ ɓɛɛ kóó o nde nɛ tɛ sa nin GASA WAN tɛ kpasi; o bíí nɛ GASA WAN tɛ hok tɛ kpasi tɛ ŋgamɔ‘i sɛn zu kaya  Siɔŋ  Jerusalɛm mɛ hee mɔ'ɔ n'aa tɔ̧ɔ̧ so ga.,"Tagha gɛ, katembele yayata wəndə nya ketehekɛme sləa Mahwətə. Katetene mbeli teghweme mbe Zhɛrəzalɛm, pelɛ ghweme ta Siyon, kala nya meɗeyi Mahwətə. Ghenci ka tenza kambeli nyi teghweme nyi heka Mahwətə.","De sen ni, je maga ra we de ëu Manwur no, je sen da' ge peçeçge yañ. Do maga Manwur waçaç nono, ngeel peçeçgen joñ ge Wursen na äi leege Jerusalem ciñ ti huuli ma Siyoñ no. AÀ joñ ge diñ ma jar maga Manwur ëe ge sen wo mo no."
JOL.4.1," Car voici qu'en ces jours-là et en ce temps-là, où je ramènerai les captifs de Juda et de Jérusalem,",__Error__,"Wulini ɗuwgiya, hay buur namna ɗawni, hay li ma sumuna vi Yuda hiɗi sumuna vi Yerusalem nan hotsiyawa vo'ona,","Eyoñe te, nalé Nti a jô, ma ye beta telé Yuda a Yérusalém nnôm été wop.","Bumbulvuŋ a ɓi: «Haˀaw, ti di nah na, ti ya misa ɗiya hiri ngi Zuda ati Zeruzaleme le na,",Jawmiraawo wi'i: “Saa'i man mi wartiran joonde Yahuuda e Urusaliima bana naane. ,Jawmiraawo wi'i: “Saa'i man mi wartiran joonde Yahuuda e Urusaliima bana naane. ,"GASA WAN tɔ̧a̧: «Ŋgimbi'i, mi tɛ ɗafi Juda in Jerusalɛm e tɛ gba̧‘a̧ duka-a kɔ-wa.","GASA WAN tɔ̧a̧: «Ŋgimbi'i, mi tɛ ɗafi Juda in Jerusalɛm e tɛ gba̧‘a̧ duka-a kɔ-wa.","Ma ke Shala gezete: «Ma vəa ŋkwa shɛ ne, katezhɛne Zhəwda ba'a Zhɛrəzalɛm 'ya te ŋkwa nci.","Ti wur sen wo ni mono, ndi fer ge jar Juda wo de jar Jerusalem wo yañ le liñ, Day ndi 'wuçy gi sir äaaran yañ go ne hara ti."
JOL.4.2," j'assemblerai toutes les nations, et je les ferai descendre dans la vallée de Josaphat ; et là j'entrerai en jugement avec elles, au sujet de mon peuple et de mon héritage d'Israël, qu'elles ont dispersé parmi les nations, et de mon pays qu'elles ont partagé.",__Error__,"Nan ma tok jaf-sumun kaf, nan ma narsi gaa hay liyn ma lokŋa vi Yosafat, ɗawni nan ma ka kitat kisiya, kay law ma nisi lum tam sumuna vanu sa Israyella, sa nisi mersi goy jar sumuna, kay nagata vanu ta nisi ɓurawa' goy jarsita.","Ma ye sulane meyoñe bikuu, a siliki mese e mbiʼili ba loone na: Yôsafat. Vôm ate ma ye loone be e ntyiʼane mejô asu mam mese be nga bo Israél, ayoñe bôt e nʼéndam: be nga mane mialane nye e meyoñ bikul été a kabane si jam.","i sa kuso sukwi ngi mizli gar, i sa pi sar ti taŋ ng'ar sozo mazilaka ‹Bumbulvuŋ migi kiita›. I sa ga taŋ kiita a diga, asi Israyel, mizli ɗuwoy, yo mi nga yahay: vur a zliɗaka taŋ hirnga le mber mber nga wuzla mizli mekelemey, yo a wunkaka hirwuy ɗu le da taŋ.","Mi mooɓtan yimɓe ummaatooje fuu, mi jippina ɓe haa Waadiwol Yusafat . Mi hiitoto ɓe ton ngam daliila ummaatoore am e maral am Isra'iila. Ɓe caŋkiti Isra'iila caka ummaatooje goɗɗe, ɓe cenndi lesdi am. ","Mi mooɓtan yimɓe ummaatooje fuu, mi jippina ɓe haa Waadiwol Yusafat . Mi hiitoto ɓe ton ngam daliila ummaatoore am e maral am Isra'iila. Ɓe caŋkiti Isra'iila caka ummaatooje goɗɗe, ɓe cenndi lesdi am. ","Mi tɛ mɔi̧ o gɔni-duk lɛŋ, ɓɛɛ mi kaia wa si kɔ̧ ɗɔŋgɔ nɛ‘i sa'e, ‹GASA WAN gɔn nɛ kita.› Mi tɛ ɓa kita in wa sɛn hi̧i̧, wen mɔ lɛŋ nɛ wa dee in  Israɛl nɛ duk nɛ dukbíí kɔ‘m in nu kɔ‘m; wen wa pɛsa so wa a mgbara o gɔni bíí, ɓɛɛ wa kɛ̧ nu kɔ‘m nɛ er ŋmaa.","Mi tɛ mɔi̧ o gɔni-duk lɛŋ, ɓɛɛ mi kaia wa si kɔ̧ ɗɔŋgɔ nɛ‘i sa'e, ‹GASA WAN gɔn nɛ kita.› Mi tɛ ɓa kita in wa sɛn hi̧i̧, wen mɔ lɛŋ nɛ wa dee in  Israɛl nɛ duk nɛ dukbíí kɔ‘m in nu kɔ‘m; wen wa pɛsa so wa a mgbara o gɔni bíí, ɓɛɛ wa kɛ̧ nu kɔ‘m nɛ er ŋmaa.","Katetsene kweci hwelefefi 'ya, katefə hɛ 'ya kadzawa zlərə nya heka mbeli ‹kaMahwətə kameha ghwə.› Kwagha ne, katemeha ghwə 'ya te hɛ va wəshi nyi menete nda hɛ ke ka Israyɛl, mbeli nyi kaŋa ɗa. Nahe hɛ ketazeyi hɛ hwa kweci hwelefefi ba'a nahe hɛ kenehehwe hɛɗia ɗa.","Ndi tay ge wer jar wo yañ le go äuy äil log mani Josafad no. Ndi caa ge kiida äaara yañ ti ngeel sen ni wer fen maga aà joñ wo jar Israyel, jar mani äin wo de äe mono, ti maga aà äes wo sir mani äin go ti holañ äaara mono."
JOL.4.3,"  Car  ils ont jeté le sort sur mon peuple, ils ont donné le jeune garçon pour une courtisane, et ils ont vendu la jeune fille pour du vin, et ils ont bu.",__Error__,"Sumuna vanu nisi ŋaɓsi kuɗ hayta; guro sa joriyona nisi muɗsi hiɗi boy sa viyuwna. Guro sa boyna nisi muɗsi goy hiɗi dolay vinna, ma nisi cumna.","Be nga kabane bôte ya ayoñe dam a mboon asimba; be nga kuane bobefam asu ya yaʼane binga bʼébamba, a kuane fe bobebinga asu ya kuse bilam.","A kiɗam caca le ti mizli ɗuwoyo, ziri mizileheye, a hiɗikam taŋ ngwas sulomehey le, ziri mongosohoyo, a hiɗikam taŋ mbaazla le, a sakaŋ.","Ɓe mbaɗi kur'u ngam anndugo mo marata ummaatoore am. Ɓe coorri derkeejo gorko ngam yoɓugo debbo daakaareejo, ɓe coorri derkeejo debbo ngam heɓugo nguykinoojam, ɓe njara ɗam.","Ɓe mbaɗi kur'u ngam anndugo mo marata ummaatoore am. Ɓe coorri derkeejo gorko ngam yoɓugo debbo daakaareejo, ɓe coorri derkeejo debbo ngam heɓugo nguykinoojam, ɓe njara ɗam.","Wa tana nɛ mɔ kɛ̧ nɛ dukbíí kɔ‘m; wa ɗɔra o be-ŋgaiwi mɛ ba nɛ o kó-de-mɔ nɛ mbɔɗɔnu, wa ɗɔra o boko bem kɔ-wa nɔ nɛ dɔ̧ɔ̧.","Wa tana nɛ mɔ kɛ̧ nɛ dukbíí kɔ‘m; wa ɗɔra o be-ŋgaiwi mɛ ba nɛ o kó-de-mɔ nɛ mbɔɗɔnu, wa ɗɔra o boko bem kɔ-wa nɔ nɛ dɔ̧ɔ̧.",Nahe hɛ kenehehwe mbelia ɗa laka sla kwasheghediɗi. Nahe hɛ kembeɗemte ŋwale tezhili te mi nyi kemene mefətekwə ba'a ŋwalea kwɛ te tɛ.,"AÀ hay naa wo waçywaàale go ti jar äin wo, Hay yeeë wo weere ma joçoçren wo go ma na gawlañre wo, Yeeë wo mayre ma tigliirin wo go ma joo yii lay."
JOL.4.4," Et  vous  aussi, qu'êtes-vous pour moi, Tyr et Sidon, et tous les districts de Philistie ? Est-ce que vous tireriez de moi une vengeance ? Que si vous me provoquez, je ferai vite, promptement retomber votre provocation sur votre tête ;",__Error__,"Nigi sum sa hay Tirus hiɗi Sidonna, nigi garam tanu mi mige? Nigi kaf sa tokay kuɗ sa Filistina. Nigi min job yigi katan su? La nigi min job yigiya, nan min hotgi job-yamda vigi kay yigi ma ɗeŋe.","A dañe dañe mia, bitisone Tir a Sidoñ, a mia bese mesi Befilisteñ, mia kômbô bo me jé? Ye mia kômbô bo akunaʼa be ma? Nge jam bi bili nde le, ma ye bo te yange bulane mia mboone wônan été été.","Kum mizli Tir ati Sidoŋhoy, waɗ kum mizli vay Filistihey gar: Ki wuɗam mi avu yaka? Ki pulaka cuwal kum avu ya kwa? Na, da ki wuɗam di i pula bol na, naɓa y'anta zum vu ta, i sa pula cuwala kutum ar kumo si.","Onon boo, Tirus e Sidon e lesɗe Filistiya fuu, ɗume on ɗaɓɓata haa am? Woodi ko ngiɗɗon waataago yam na? To non, jonta nii mi lortinan ɗum dow ko'e mooɗon. ","Onon boo, Tirus e Sidon e lesɗe Filistiya fuu, ɗume on ɗaɓɓata haa am? Woodi ko ngiɗɗon waataago yam na? To non, jonta nii mi lortinan ɗum dow ko'e mooɗon. ","War k’ɛ́nɛ́, o gasa ye Tir in Sidɔŋ, ɛnɛ o be-nu Filistii, nɛ́ ge ɛnɛ kɔ̧ɔ̧ zu'm ge? Ɛnɛ kɔ̧ɔ̧ mɛ kifi nɛ er ha̧‘m nde? Kà taamɔ k’ɛ́nɛ́ nɛ boo hegɔ, mi tɛ kifi er h’ɛ́nɛ́ kinii kinii, hee gɔma-yí ga.","War k’ɛ́nɛ́, o gasa ye Tir in Sidɔŋ, ɛnɛ o be-nu Filistii, nɛ́ ge ɛnɛ kɔ̧ɔ̧ zu'm ge? Ɛnɛ kɔ̧ɔ̧ mɛ kifi nɛ er ha̧‘m nde? Kà taamɔ k’ɛ́nɛ́ nɛ boo hegɔ, mi tɛ kifi er h’ɛ́nɛ́ kinii kinii, hee gɔma-yí ga.","Gheyɛ nyi mbe Tir ba'a Sidon, gheyɛ pɛtɛa sla ta hɛɗia Filisti, wa yaɗe yɛ le 'ya wa? Dewa yaɗe yɛ kawa te 'ya na? Ma kenza nde tsetse zəzə ta ŋayɛ ne, katedera 'ya yitea ve ɗa te gheyɛ we.","Nday jar Tir de Sidoñ no, nday da ga ndi mo joñ wee joñge la? Nday ma äi sir Filisteçeç no, Wer mayse ga nday joñ äay diñ feçeçre maga car wo jiili äi go tum la? Hayga nday yañ joñge dosen no tum no, älagge äayn fer ge wo yañ le'ge ne nday ti doga."
JOL.4.5,"  vous  qui avez pris mon argent et mon or, et qui avez emporté dans vos temples mes joyaux les plus précieux ;",__Error__,"Gurjuta vanu hiɗi or nigi yawam goyo, slena vanu ma ŋaana ma jifiy ŋolo, nigi yawamu tuɗ cukum hay tempella vigiya.","Mi nga nyoñe argent a or wom, akume dam da dañ édima. A kee de e menda me zambe menan.","Kum mizli mihilaka ɓiri bara ati ɓiri tapasl tapasl ɗuwoy na, kum mipaka zlili ɗu mupuɗaw puɗaway ar hay kuli kumoy na,","Onon on kooci cardi am e kaŋŋeeri am, on njahri ndesaaji am ɓurɗi saman haa nder cuuɗi labbi mooɗon. ","Onon on kooci cardi am e kaŋŋeeri am, on njahri ndesaaji am ɓurɗi saman haa nder cuuɗi labbi mooɗon. ","Ɛnɛ kaia o bu-mbɔi in lɔr kɔ‘m nɛ duka nɛ o kpaamɔ kɔ‘m nɛ gɛnɛ-a ɔ ŋgaya, wen h’ɛ́nɛ́ mɛ kai si kɔ̧ tua ko o sɔ̧ k’ɛ́nɛ́.","Ɛnɛ kaia o bu-mbɔi in lɔr kɔ‘m nɛ duka nɛ o kpaamɔ kɔ‘m nɛ gɛnɛ-a ɔ ŋgaya, wen h’ɛ́nɛ́ mɛ kai si kɔ̧ tua ko o sɔ̧ k’ɛ́nɛ́.","Nahe yɛ kefəhwe mze kwa tɛawetɛa ta ɗa ba'a mze kwa tere tere ta ɗa, wəshia ɗa nyi nza zləvə te hɛ kezha fə hɛ kadzembe yɛ ghɛa yɛ shala ta ŋayɛ.","Nday hoo solay wo de boo biñni, de horog äi ma de woren wo äuy, Nday wo go lag rage äil tiñ soçoçre äayn wo."
JOL.4.6,"  vous  qui avez vendu aux fils de Javan, les fils de Juda et les fils de Jérusalem, pour qu'on les éloigne de leur pays !",__Error__,"Gurona vi Yerusalem hiɗi gurona vi Yuda nigi gussi goy tam gurona vi Yavan, kay jarsi ma ja goy gine'e hiɗi nagata visiya.","Mfaʼa bôte be too Yuda a Yérusalém, mi nga kuane be e be Begrék na be ke si jab ôyap.","kum mihiɗikaka mizli Zudahay ati Zeruzalemey da mizli Grekey, ɓa a cohom taŋ kileŋ avu hirwuy taŋ na,",On coorri yimɓe Yahuuda e Urusaliima haa Yunaniŋke'en ngam daaynugo ɓe e lesdi maɓɓe. ,On coorri yimɓe Yahuuda e Urusaliima haa Yunaniŋke'en ngam daaynugo ɓe e lesdi maɓɓe. ,"Nɛ̀ ko o be Juda in Jerusalɛm, ɛnɛ ɗɔra wa ha̧ o be Grɛk wen ha̧ wa mɛ ya nyɛi̧ nɛ nu kɔ-wa.","Nɛ̀ ko o be Juda in Jerusalɛm, ɛnɛ ɗɔra wa ha̧ o be Grɛk wen ha̧ wa mɛ ya nyɛi̧ nɛ nu kɔ-wa.",Nahe yɛ kepamte nda ka Zhəwda ba'a ka Zhɛrəzalɛm ke ka Grɛk kezha hendemte hɛ yitea hɛɗia nci.,Nday yeeë jar Juda wo de jar Jerusalem wo go do jar Jafañ wo Nen maga aà mo hay wo äi sir äaaran wa so.
JOL.4.7," Voici que je vais les faire lever du lieu où vous les avez vendus, et je ferai retomber votre provocation sur votre tête.",__Error__,"Wulin kayni nan min hotsiyaya, hay liyn ma nigi gussi goy hayam pana, nan min hot joota vigi kay yigi ma ɗeŋe.",Ve ma ma ye beta soo be vôm mi nga kuane be. A ma ye bulane mia abé mi nga bo.,"i ya masa ra puɗuka taŋ angi hirwuy kum mihiɗikaka taŋ ng'ara na, yo malambaˀ kum migaka na, i sa mbiɗa nga hirnga kum a muŋ.","Ammaa mi umminan ɓe, ɓe ngurto nokkuure nde on coorri ɓe, mi lortina kuuɗe mooɗon dow ko'e mooɗon. ","Ammaa mi umminan ɓe, ɓe ngurto nokkuure nde on coorri ɓe, mi lortina kuuɗe mooɗon dow ko'e mooɗon. ","Ɓɛɛ kɔ‘m, mi tɛ sa wa mɛ pii ɗoŋ nɛ fara n’ɛnɛ ɗɔra so wa si sɛnɛ‘i, ɓɛɛ mi tɛ de ha̧ ɗaŋmɔ n’ɛnɛ dee so in wa'i mɛ pii ɗoŋ tik zu'nɛ́.","Ɓɛɛ kɔ‘m, mi tɛ sa wa mɛ pii ɗoŋ nɛ fara n’ɛnɛ ɗɔra so wa si sɛnɛ‘i, ɓɛɛ mi tɛ de ha̧ ɗaŋmɔ n’ɛnɛ dee so in wa'i mɛ pii ɗoŋ tik zu'nɛ́.","Ama 'ya ne, 'ya katezhɛne hɛ se te ŋkwa nya pamte hɛ yɛ ba'a 'ya katezhɛne wəsə kwa ndiremi nya menete yɛ kwa ghəa ŋayɛ.",Ko wee ga ndi caa ge nen äaara yañ go nen maga aà mo men wo ngeel maga saara le ni mo go. Ndi joñ ge nday yañ de te fen maga nday hay joñ ra de äe mo lay.
JOL.4.8," Je vendrai vos fils et vos filles aux mains des enfants de Juda, qui les vendront aux Sabéens, à un peuple lointain ; car Yahweh a parlé.",__Error__,"Joriyona hiɗi guro-boyna vigiya, nan min hot gussi goy hay ɓam gurona vi Yuda, nisi ma gussi goy voksi tam sum sa Sabeena, jaf-sum sa goy gine'e, Din mi Ma-Vatɗina.","Ma ye kuane bobefam a bobebinga benan e be bôte be too Yuda. Be ki ba ye beta kuane be e be bôte ya Saba, mbe be too si é nʼôyap. Jame ma Nti ma yemete nde le.","Ziri mizile ati mongoso kumoyo, yi sa hiɗika taŋ da mizli Zudahay. Zudahaya kwana, a sa hiɗika taŋ da mizli Sabeŋ, sukwi mikileŋhey. Maɓa hana i ya Bumbulvuŋ!",Mi soorran ɓiɓɓe mon worɓe e rewɓe haa Yahuudu'en. Kamɓe boo ɓe coorra ɓe daayiiɗum haa Seba'en.” Bana non Jawmiraawo wi'i .,Mi soorran ɓiɓɓe mon worɓe e rewɓe haa Yahuudu'en. Kamɓe boo ɓe coorra ɓe daayiiɗum haa Seba'en.” Bana non Jawmiraawo wi'i .,"Mi tɛ ɗɔr o bem k’ɛ́nɛ́ mɛ be-wiwii-a in be-okoo-a ha̧ o be Juda, ɓɛɛ o be Juda tɛ ɗɔr kɔ‘i wa ha̧ o be Sabee nɛ ɔ tɛ ŋma nu nɛ nyɛi̧a-a. Nɛ GASA WAN a̧ tɔ̧ wen'i.»","Mi tɛ ɗɔr o bem k’ɛ́nɛ́ mɛ be-wiwii-a in be-okoo-a ha̧ o be Juda, ɓɛɛ o be Juda tɛ ɗɔr kɔ‘i wa ha̧ o be Sabee nɛ ɔ tɛ ŋma nu nɛ nyɛi̧a-a. Nɛ GASA WAN a̧ tɔ̧ wen'i.»","'Ya katepamte nda ŋwale tezhili ba'a ŋwalea kwɛa ŋayɛ ke ka Zhəwda. Katezhɛne hɛ kapamte nda hɛ ke ka Saba, hwelefe nya cakeɗa. 'Ya Mahwətə nde gezete.»","Weere äay wo de mayre äay kol ge wo yañ go gebere jar Juda wo lay, Day saara yeeë ge ra yañ go do jar Saba maga go haçaç see äay mo lay. Gahaçyla, ndi Manwur ndi hay waçaçn go."
JOL.4.9," Publiez ceci parmi les nations : Préparez la guerre ! Faites lever les vaillants ! Qu'ils s'approchent, qu'ils montent, tous les hommes de guerre !",__Error__,"Siwelgi labar namna goy tam jaf-sumuna, kotgi tuwgi kay duura, zliygi sum sa wi duur kulo'o. Hinsi co goboyo, hinsi jik kulo'o, nisi kaf sa wi duura.","Be yôtane foé e be meyoñ bikule na: Kômesaʼane mewosan, a bo bewosane benane na be tabe nkômesan. Bezimbi bese be ntoo ve taté dulu.","Tilam mi da sukwi mekelemeye, ɓaka taŋ na: Juwam vu nga kiɗa vu, puɗukaka migi vurum kumoyo. Anja migi vurumoy gar a jaka jiviɗe, a ram.","Ngooyne ɗum caka ummaatooje! Taaskane konu! Ewne semmbiɗɓe! Honooɓe fuu ɓadito, nasta haɓre! ","Ngooyne ɗum caka ummaatooje! Taaskane konu! Ewne semmbiɗɓe! Honooɓe fuu ɓadito, nasta haɓre! ","Ɛ̀nɛ̀ hé mbéá tɔ̧ nɛnɛ ha̧ o gɔni-duk'e: «Ɛ̀nɛ̀ ɗáfí war-tɛ‘nɛ́ wen biro, ɛ̀nɛ̀ ɗáfí o wi-biro k’ɛ́nɛ́; o wi-biro lɛŋ a̧ ye yuwar.","Ɛ̀nɛ̀ hé mbéá tɔ̧ nɛnɛ ha̧ o gɔni-duk'e: «Ɛ̀nɛ̀ ɗáfí war-tɛ‘nɛ́ wen biro, ɛ̀nɛ̀ ɗáfí o wi-biro k’ɛ́nɛ́; o wi-biro lɛŋ a̧ ye yuwar.","Ma pe yɛ sha zlape nda ke kweci hwelefefi: «Hi mə geva yitea mpa, ntsə nda mə berete ke ka katsala kɛfi. Dzawa hweŋkwa pɛtɛa ka sewajɛ.","Wii wee wer jar wo go äuy ga aà mo 'wuçy wo see äaara go ma durgi, Mo tay wo sode ma de eegren wo le go äuy ma woge ti poçoç."
JOL.4.10," De vos socs forgez des épées, et de vos serpes des lances ; que le faible dise : "" Je suis un brave ! """,__Error__,"Zlagi ɗugumna vigi goy kew-gaferaŋi, ceɗna vigi kaw zlagit goy kaway-ma-duura. Naŋ ma maŋayn kaw daŋ ala nan dono'o.",Kôñelaʼan bibaʼa ya beminsini ba senane si bi bo minkpwaté mekôn a beta bʼatyeñe benan be bo mekoñ. Bôte ba dañe minwôwoñ be boʼo bebien be yeme na be ne mimben.,"Sliŋ ngi gam ngi sla kumoyo, vuɗam taŋ maslalamay. Slagway kumoyo, vuɗam taŋ ziwitey. Ko mizli hĩhĩy muwãˀ naŋhay kwana, anja a ɓam: «Ndr'i bugawlahay!»","Bee baaneeje maɓɓe ɓe tappiran kaafaaje, bee bafɗi maɓɓe boo labbe. Koo tampuɗo boo wi'a: Mi cemmbiɗɗo ! ","Bee baaneeje maɓɓe ɓe tappiran kaafaaje, bee bafɗi maɓɓe boo labbe. Koo tampuɗo boo wi'a: Mi cemmbiɗɗo ! ","Ɛ̀nɛ̀ dúí wara keekee-wa-fɔ k’ɛ́nɛ́ nɛ gba-paa; ɛ̀nɛ̀ dúí o boi-pɔi-mɔ k’ɛ́nɛ́ nɛ sɛɛ. Kóó nɛ o wi-kíì lɛŋ a̧ tɔ̧‘e, wi nɛ o ŋga wi-biro.","Ɛ̀nɛ̀ dúí wara keekee-wa-fɔ k’ɛ́nɛ́ nɛ gba-paa; ɛ̀nɛ̀ dúí o boi-pɔi-mɔ k’ɛ́nɛ́ nɛ sɛɛ. Kóó nɛ o wi-kíì lɛŋ a̧ tɔ̧‘e, wi nɛ o ŋga wi-biro.",Gezla mə yɛ kafayɛ yitea yɛ sakwəa ŋayɛ ba'a yɛ megha yitea yɛ hwətəa ŋayɛ. Ve ghəa nci ka dewə ŋeli kaka katsala kɛfi.,"Wii wee ra ga aà mo toor wo soñre ma do äaaran wo go, Mo kol wo ra go diñ moslamre wo, mo kol wo sañ ma do äaaran wo go diñ jawre wo. Daga jobo mo hay de heçeçne yoo äaara wa äuy."
JOL.4.11," Hâtez-vous et venez,  vous  toutes, nations d'alentour, et rassemblez-vous ! Là même, Yahweh, faites descendre vos braves !",__Error__,"Ligi koloyo, nigiyaya, nigi sum sa ka ŋuyina kafe, tokgi tuwgiya. Ɗawni, Ma-Vatɗina, cukaŋ sumuna vaŋ sa donon gaa tisiya.","Boʼon avôle ya zu, mia meyoñ me bôt mese ma bôman Israél, sulaʼan e mbiʼili wua. A wo, a Nti lôme bôte mewosane bôé be wosane be.","Kum mizli ngir prokoy gar, wusoko vu, soko, kusom ar sozo misi purla. Ka so na Bumbulvuŋ, slin ti bugawla ɗikeye ng'ar taŋ!","Onon ummaatooje taariiɗe, ngare bee pargal, mooɓe! Yaa Jawmiraawo, jippin honooɓe maaɗa ton! ","Onon ummaatooje taariiɗe, ngare bee pargal, mooɓe! Yaa Jawmiraawo, jippin honooɓe maaɗa ton! ","Ɛ̀nɛ̀ tɛ́ nɛ haya-a, o tugun bíí nɛ ya zik nu’ɛ, ɛ̀nɛ̀ mɔ́í̧ ŋmaa duk kpɔk kɔ̧ ɗɔŋgɔ.» GASA WAN, ɛ̀nɛ̀ tóm o wi-biro k’ɛ́nɛ́ pii zu wa.","Ɛ̀nɛ̀ tɛ́ nɛ haya-a, o tugun bíí nɛ ya zik nu’ɛ, ɛ̀nɛ̀ mɔ́í̧ ŋmaa duk kpɔk kɔ̧ ɗɔŋgɔ.» GASA WAN, ɛ̀nɛ̀ tóm o wi-biro k’ɛ́nɛ́ pii zu wa.","Ntsə mə geva kase, gheyɛ hwelefefi nyi te yayata ŋkwa, tsene mə geva kwa zlərə nya kwetɛŋe.» Ma gha gɛ Mahwətə yawe, ghwenakawa ka sewajɛa ŋa.","Wii wee ra ga aà mo grag wo see äaara go deparday, Mo tay wo le go ti ngeel maga Manwur go de gorge de sode äe ma de eegren wo ni mono."
JOL.4.12, Que les nations se lèvent et qu'elles montent à la vallée de Josaphat ! Car c'est là que je siégerai pour juger toutes les nations d'alentour.,__Error__,"Hin jaf-sumun kaf zliy kulo'o, hinsi tuɗ tam liyn ma lokŋa vi Yosafat, ɗawni nan min mus kay zlamda-mulda vanu, kay ka kitat kay jaf-sumun sa ka ŋuyanna.","Meyoñ me ntoo ve taté dulu, nalé Nti a jô be zaʼak e mbiʼili ba loone na: Yôsafat. Nne ma ye tabʼéto ya tyiʼi meyoñ ma bôman Israél mejô valé.","Bumbulvuŋ a ɓi: «Anja sukwi ngi mizli mekelemey a zuɓam jiviɗ, anja a ram ng'ar sozo mazilaka ‹Bumbulvuŋ a gi kiita›. Ya masa cifi ngi gi kiita da mizli ngir prokoy na, a diga.","Ummaatooje ɗe'e taasko, ngara haa Waadiwol Yusafat. Haa ton Jawmiraawo jooɗoto ngam o hiito ummaatooje taariiɗe fuu. ","Ummaatooje ɗe'e taasko, ngara haa Waadiwol Yusafat. Haa ton Jawmiraawo jooɗoto ngam o hiito ummaatooje taariiɗe fuu. ","«O tugun bíí lɛŋ a̧ gbin ye yuwar, GASA WAN a̧ tɔ̧. Wa a̧ nɛ si kɔ̧ ɗɔŋgɔ nɛ‘i sa'e, ‹GASA WAN gɔn nɛ kita.› Nɛ́ hi̧i̧ a̧‘m tɛ duk ha̧‘m mɛ gɔn kita zu o tugun bíí nɛ ya zik nu’ɛ lɛŋ.","«O tugun bíí lɛŋ a̧ gbin ye yuwar, GASA WAN a̧ tɔ̧. Wa a̧ nɛ si kɔ̧ ɗɔŋgɔ nɛ‘i sa'e, ‹GASA WAN gɔn nɛ kita.› Nɛ́ hi̧i̧ a̧‘m tɛ duk ha̧‘m mɛ gɔn kita zu o tugun bíí nɛ ya zik nu’ɛ lɛŋ.","Ma ke Mahwətə gezete: «Dzawa hweŋkwa hwelefefi, dzawa zlərə nya heka mbeli ‹kaMahwətə kameha ghwə› hɛ. Kwagha tentishɛ 'ya kezha meha ghwə te hwelefefi nyi te yayata ŋkwa.","Daga wer jar wo äuy mo hoo wo go ciñ, Mo wo wo go äil log mani Josafad no. Gahaçyla, ndi caa ge kiida jar ma ti jeñ sir Israyel wo äuy na wo go ni."
JOL.4.13," Mettez la faucille, car la moisson est mûre ; venez, foulez, car le pressoir est rempli ; les cuves regorgent, car leur méchanceté est grande.",__Error__,"Yawgi hiramna hay ɓigiya, kay feɗn coowa. Nigiya keslgi gulda-guldana, kay liyn ma kesl gulda-guldana hayamna hobawa, doway-firin kulfutawa goyo. Kay joota visiya na' suwi ŋolo.","Nyoñan avioñ ya tyiʼi be ane bidi bi tôlôbôya. Zaʼane koʼone be ane ébuma ndik ja jalé vôm ba miate je; Befandé be nga fuluku, ésase jabe fe é nembaneya.","Zuɓaka slagwayay ɓa ki ngumaka taŋ, kaɓa mangumam daw minih le ti sifi. Soko, njirslaka taŋ kaɓa maɗucom yi ngi gudubun manaha li ɗuc naŋ cer cer hã a pi a ruwuy, manaha magayakaya cer cer. moˀore taŋ a fini gidaŋ le.","Halleende maɓɓe ɗuuɗi. Ngam maajum code ɓe bana no goɗɗo wa'irta alkamaari. Njaaɓe ɓe bana no goɗɗo ɓiɗɗirta inabooje nder ɓiɗɗirde heewnde, haa inaboojam rufa . ","Halleende maɓɓe ɗuuɗi. Ngam maajum code ɓe bana no goɗɗo wa'irta alkamaari. Njaaɓe ɓe bana no goɗɗo ɓiɗɗirta inabooje nder ɓiɗɗirde heewnde, haa inaboojam rufa . ",Ɛ̀nɛ̀ bá mɔɔ-pɔi-mɔ ɛ̀nɛ̀ pɔ́í nɛ wa: nyɔnɔ sɔka kaɗi. Ɛ̀nɛ̀ tɛ́ɛ̀ mbɔli waya-nyak-dɔ̧ɔ̧ nɛ duna mɔɔ-vati-dɔ̧ɔ̧ kaɗi'i; o gba kpánà duna zɛ́rɛ́rɛ́. Ɗaŋ kɔ-wa yaka zale!»,Ɛ̀nɛ̀ bá mɔɔ-pɔi-mɔ ɛ̀nɛ̀ pɔ́í nɛ wa: nyɔnɔ sɔka kaɗi. Ɛ̀nɛ̀ tɛ́ɛ̀ mbɔli waya-nyak-dɔ̧ɔ̧ nɛ duna mɔɔ-vati-dɔ̧ɔ̧ kaɗi'i; o gba kpánà duna zɛ́rɛ́rɛ́. Ɗaŋ kɔ-wa yaka zale!»,"Kele mə hwətə, kwa nza ŋkɛ nahe wəshi kenehe te wəve. Se mə kaŋkeɗe rɛzɛŋe, kwa nza ŋkɛ viɗi ŋkwa keŋkeɗe ba'a paca paca yɛ weta. Kaganda ne, kewəba 'yaghwa mehele ta nci.","Wee wee mbay so werga cooren go de ruggi! Haçaç wee mbay so, werga haçw go de bage, Caçaçgen raw wo bagge go lay! Wer äe ga älagge äaaran raw debañ."
JOL.4.14," Des foules, des foules dans la vallée de la décision !",__Error__,"Nisi mi vokŋa ma ŋolo, vok ma ŋolo, toki hay lokŋa, ma ka kitat hayamna, kay buura vi Ma-Vatɗin coowa goboyo, hay liyn ma lokŋ ma ka kitat hayamna.","Eyoñe te ñhe minkunda minsamba mi ne tekʼalañé mia suan e mbiʼili Ntyiʼane mejô, amu môse Nti a ye liti ayaa dé ô ntoo bebé.","Akẽh na, zigiduw haɗi, ara ndilawa ng'ar sozo ngi li gi kiita, asi hin ngi Bumbulvuŋ ara ndilo gweˀ, hin naŋ masa ga slra naŋ a diga.","Ummaatooje ɗuuɗɗe ɗon haa Waadiwol kiita, ngam nyalaade Jawmiraawo ɓaditake ton. ","Ummaatooje ɗuuɗɗe ɗon haa Waadiwol kiita, ngam nyalaade Jawmiraawo ɓaditake ton. ",O bíí nɛ dɔka-a hɔɔ kɔ̧ Ɗɔŋgɔ-gɔn-kita wen wese ko GASA WAN hɛɗa kaɗi.,O bíí nɛ dɔka-a hɔɔ kɔ̧ Ɗɔŋgɔ-gɔn-kita wen wese ko GASA WAN hɛɗa kaɗi.,Se yase mbeli kwele kwele kadzawa zlərəa Meha ghwə. Kwa nza ŋkɛ takwa takwa veci nya tencɛ ghəa ŋkɛ Mahwətə te kwagha.,"Jar wo ngaäa debañ wo go de tayge ti ngeel caa kiidan yaw, Werga wur mani Manwurn go de kosge."
JOL.4.15," Le soleil et la lune se sont obscurcis, et les étoiles ont perdu leur éclat.",__Error__,"Fatta hiɗi tilla ma muɗ jufunu, mislekŋa ma vul haraŋa valam loɗi.","Jôp a ngon bi nji ke fe faé, ateté e nga dimili mfaane wop.","Pas ati kiya a sa goko luvuŋ, wurzlaŋhay a mucaka pusluɗ taŋ.","Naaŋge e lewru nyiɓɓi, koode boo acci yaynugo. ","Naaŋge e lewru nyiɓɓi, koode boo acci yaynugo. ","Wese in nyaŋa-zɛ tok na, o sɔra nyɛk ɓɔna.","Wese in nyaŋa-zɛ tok na, o sɔra nyɛk ɓɔna.","Kanza veci ba'a tere ngərə ngərə, kazhɛne yɛ saseregwa kaɓele we.",Wur wo de few äo' wo suñgu we go nen yaw! Ger bay wo sagge wa so lay.
JOL.4.16," De Sion Yahweh rugira, de Jérusalem il fera entendre sa voix ; les cieux et la terre trembleront. Mais Yahweh sera un refuge pour son peuple, une retraite pour les enfants d'Israël.",__Error__,"Goy hay Siyon pa, Ma-Vatɗin ma ci gumu, hay yerusalem nam ma di delemu. Dukalawna hiɗi nagata ka geɗa. May Ma-Vatɗina mi liyn ma ŋayna vi sumuna valamu, liyn ma jafna vi Israyel ŋay gaa kuɗumna.","Nti a bam e nkôle siône yôp, tyiñe jé ja wôʼé ane zoʼoyañ e Yérusalém. Yôp a si ba fôʼôban! Be Nti a kamane bôte bé, a ne asoé asu bone bʼIsraél.","Bumbulvuŋ a buco ti muwã Siyoŋ, a tilo mi ti Zeruzaleme. Dar muŋ ati hirwuyo, a jijikam ngbir ngbir. Amma Bumbulvuŋ a wi vu ti mizli naŋhaya, naŋ i li ɗum ngi Israyeley.","Jawmiraawo ɗon hoola haa hooseere Siyona, ɗon telɓa haa Urusaliima. Asama e lesdi ɗon ndimmbo. Ammaa o hisrude ummaatoore maako, o nyukkorde semmbiɗnde ngam Isra'iila . ","Jawmiraawo ɗon hoola haa hooseere Siyona, ɗon telɓa haa Urusaliima. Asama e lesdi ɗon ndimmbo. Ammaa o hisrude ummaatoore maako, o nyukkorde semmbiɗnde ngam Isra'iila . ","GASA WAN mgbimgbi nɛ zu kaya  Siɔŋ  mɛ; wi zii nɛ ger-a sɛn Jerusalɛm mɛ. Nu in yiwese nak nak, ɓɛɛ GASA WAN tɛ pɛm dukbíí kɔ‘i. A̧ nɛ fara-hu̧si ko o be  Israɛl .","GASA WAN mgbimgbi nɛ zu kaya  Siɔŋ  mɛ; wi zii nɛ ger-a sɛn Jerusalɛm mɛ. Nu in yiwese nak nak, ɓɛɛ GASA WAN tɛ pɛm dukbíí kɔ‘i. A̧ nɛ fara-hu̧si ko o be  Israɛl .","Kaghwəghwə Mahwətə sawa pelɛ Siyon, kagaka ŋkɛ shave mbe Zhɛrəzalɛm. Kagaŋkəɗə yɛ ghweme le hɛɗi. Ama kaya mbelia ŋkɛ Mahwətə, nahe ŋkɛ kenza kaŋkwa kewəfərə kaŋa ka Israyɛl.","Sen mona werga Manwur le de car poçoç le ciñ ti Siyoñ huuli ma äi leege Jerusalem no. Ngeel ma ciñ wo de tamsir wo de daëge, Jar mani Manwurn da' ge wo ngeel yoñre na diñ äiñ äe."
JOL.4.17," Et vous saurez que je suis Yahweh, votre Dieu, qui habite Sion, ma montagne sainte ; Jérusalem sera un sanctuaire, et les étrangers n'y passeront plus.",__Error__,"Nigi ma wi ala nanu mi Ma-Vatɗina Lawna vigiya, liyn ma musta vanu ka hay Siyon, ti hiɗiyta vanu ta peldetna. Yerusalem ma li dok-dok peldete, sum sa pulla as a tun sesi kulo haya'ɗi.","Mia ye yeme na ma me ne Nti e Zambe wônan, nalé a jô be, e ma me too Siôn, nkôle wom ô nʼétyi. Yérusalém ase a ye beta bo éñwom, bikuu bia ye bo te beta nyiin été môs éziñ.","Akẽh na, kisa sinikiy, yi Bumbulvuŋ, Buymisemuŋ kum, ya misi a Siyoŋ, muwã mipal nga ya. Zeruzalem a sa tiri i li mipal da ya, mulakay anta sa cam a diga mata ndiɗaˀ.»","O wi'i: “Onon Isra'iila'en, to ɗum laatake, on anndan min woni Jawmiraawo, Allah mooɗon, jooɗiiɗo dow Siyona, hooseere am seniinde. Urusaliima laatoto berniwol cenaaŋgol, jananɓe meetataa saalaago nder maagol!”","O wi'i: “Onon Isra'iila'en, to ɗum laatake, on anndan min woni Jawmiraawo, Allah mooɗon, jooɗiiɗo dow Siyona, hooseere am seniinde. Urusaliima laatoto berniwol cenaaŋgol, jananɓe meetataa saalaago nder maagol!”","Ɓɛɛ a̧ tɔ̧ ha̧ wa'e: «Ɛnɛ tɛ iŋ nde, mi nɛ GASA WAN Sɔ̧ k’ɛ́nɛ́, nɛ ɔ sɛn  Siɔŋ  zu sa̧a̧ kaya kɔ‘m. Jerusalɛm tɛ kifi duk nɛ fara kɔ‘m woyo, ɓɛɛ o gɔni-duk beka ye hi̧i̧ ɓɔna.","Ɓɛɛ a̧ tɔ̧ ha̧ wa'e: «Ɛnɛ tɛ iŋ nde, mi nɛ GASA WAN Sɔ̧ k’ɛ́nɛ́, nɛ ɔ sɛn  Siɔŋ  zu sa̧a̧ kaya kɔ‘m. Jerusalɛm tɛ kifi duk nɛ fara kɔ‘m woyo, ɓɛɛ o gɔni-duk beka ye hi̧i̧ ɓɔna.","Tagha gɛ, kateɗepete yɛ 'ya ya kaMahwətə Shala ta ŋayɛ, 'ya nya kenza pelɛ Siyon, ghweme ta ɗa nya keveyi geva tekeleke. Katezhɛre Zhɛrəzalɛm kaŋkwa nya keveyi geva tekeleke, katezhɛne kweci hwelefefi kadzembe we.","Nday jar Israyel nday ko ge yañ ga ndi diñ Manwuri, Baa äay maga le de hayle ciñ ti Siyoñ, huuli ma bay ëag no. Jerusalem joñ ge yañ go tinoo ta' pa, jar dehaçy wo ge wo ni gaa so."
JOL.4.18," En ce jour-là, les montagnes dégoutteront de vin nouveau, les collines ruisselleront de lait, et tous les torrents de Juda ruisselleront d'eau. Une source sortira de la maison de Yahweh, et elle arrosera la vallée des Acacias.",__Error__,"Hay buur namna ɗawni, vin ma jibetna ma jaŋ goyo kay yam hiɗiyt pa, miira ma jaŋay kulo kay yam boŋoloŋŋa pa, niyn ma hotay hay liyna vi Yuda ma vi niyn kafe. Niy hena ma riŋay goy hay ziyna vi Ma-Vatɗin pa, ma ŋuruɓ lokŋa vi Sittim.","Eyoñ ja zu nje minkô mia ye yô abui bibuma bi ndiʼi woon, a mimbame biyem mia ye ve abui menyañ e bone minkôle yôp. Mendim ma ye lôt atôñe ya Yuda, ôtôñ mendim wo ye vam e Nda Zambe Nti a ve mbiʼili be akasia mendim.","«Hin ara ndilawa, tapasa, ko a muwãhay kwana, gudubun a sa yi haɗi, ginewey misi a muwãhaya, ɗuwa asi taŋ jõh jõh, Zlazlar ngi ruwuy Zudahay gar a sa ɓulom yam. Mizaw a sa ɓul yam vil vil ar hay ngi Bumbulvuŋ, yam naŋ a sa ɓul ng'ar Sozo ngi ngalalay.","Saa'i man kooseeje keewan gese inabooje, na'i ɗuuɗan dow towndiije fuu, maaje nder Yahuuda ilnan ndiyam ɗuuɗɗam, ndiyam ɓulan e suudu Jawmiraawo ngam soofnugo Waadiwol Sittim. ","Saa'i man kooseeje keewan gese inabooje, na'i ɗuuɗan dow towndiije fuu, maaje nder Yahuuda ilnan ndiyam ɗuuɗɗam, ndiyam ɓulan e suudu Jawmiraawo ngam soofnugo Waadiwol Sittim. ","«Ŋgimbi'i, ká̧ naŋ kaya tɛ dɛm waya-nyak-dɔ̧ɔ̧ nɛ dɔka-a, o mɔ-dai sɛn zu kaya tɛ ha̧ yibere nɛ dɔka-a. Yì tɛ fok kɔ̧ o be-zer sɛn Juda lɛŋ; ŋma gbar-gbar-yì tɛ gɔm nɛ kɔ̧ Tua ko GASA WAN, ɓɛɛ aa mgbara ɗɔŋgɔ Sitim.","«Ŋgimbi'i, ká̧ naŋ kaya tɛ dɛm waya-nyak-dɔ̧ɔ̧ nɛ dɔka-a, o mɔ-dai sɛn zu kaya tɛ ha̧ yibere nɛ dɔka-a. Yì tɛ fok kɔ̧ o be-zer sɛn Juda lɛŋ; ŋma gbar-gbar-yì tɛ gɔm nɛ kɔ̧ Tua ko GASA WAN, ɓɛɛ aa mgbara ɗɔŋgɔ Sitim.","Ma te vecia shɛ ne, katehwɛ tɛ mɛnɛfɛ sawa hwa yɛ ghweme, katehwɛ ŋ'wa sawa pelɛ yɛ wəmbə, katehwɛ yɛmə kwa hələ nyi mbe Zhəwda, katentsa ɗasle shave mbe ghɛa Mahwətə, kateɓasle zlərəa Shitim nde.","Ti wur sen ni mono, tlalum ma ciñ ti huulin le' ge wo yañ debañ, Paçaç joñ ge yañ debañ lay. Bii yuu gi go äil pyewre ma Judan wo äuy. Kaçaçge bii kal ge yañ le go äil tiñ mani Manwur no, Day mañ ge log maga koore gasiya wo ni go."
JOL.4.19," L'Égypte deviendra une terre dévastée, Edom un désert de dévastation, à cause des violences  commises  contre les enfants de Juda, parce qu'ils ont répandu dans leur pays le sang innocent.",__Error__,"Egipte ma vat goyo, Edom ma muɗ goy mi ful ɦawa'a. Kay joota ta nisi la' tam gurona vi Yudata. Sum sa li law ma joo noŋɗin nisi ɦoksi busuwsi goyo, kuɗsi vo lay.","Ejipte ja ye bo teke fe bôt, si yʼEdome ki bilik, amu be nga bo si ya Yuda njet Eyoñ be nga wôé bôt be ne te bijô.","Ezipte a sa tiri diŋ, hirwuy Edom a sa tiri wuzlaɓuh kirɗak kirɗak, asi taŋ migaka moˀore da hirwuy Zuda, mizli ngi raˀahaya a gam gwat ta si na, a kiɗaka taŋ vagay vagay.","Misra laatoto yeeweende, Edoom boo laatoto ladde meere, ngam yimɓe lesɗe ɗe'e toonyi yimɓe Yahuuda, ndufi ton ƴiiƴam yimɓe ɓe ngalaa aybe. ","Misra laatoto yeeweende, Edoom boo laatoto ladde meere, ngam yimɓe lesɗe ɗe'e toonyi yimɓe Yahuuda, ndufi ton ƴiiƴam yimɓe ɓe ngalaa aybe. ","Bíí beka bo Egiptɛ ɓɔna, ɓɛɛ nu Edɔm tɛ kifi nɛ́ ŋga-gbárà mbɛt, wen wa dee ŋgamɔ in o bem ko Juda, wa gbaia tɔk tɛ o bíí nɛ de ŋma mɔ na a nu gee.","Bíí beka bo Egiptɛ ɓɔna, ɓɛɛ nu Edɔm tɛ kifi nɛ́ ŋga-gbárà mbɛt, wen wa dee ŋgamɔ in o bem ko Juda, wa gbaia tɔk tɛ o bíí nɛ de ŋma mɔ na a nu gee.","Katezhɛne mbeli kanza mbe Ɛzhipte we, katezhɛre hɛɗia Ɛdom kaɓerama, va nya menete berete hɛ te ka Zhəwda laka mpə ka menetema fete te hɛɗia nci.","Sir Ejipte kol ge yañ go wur sen nen coocoo. Sir Edom kol ge yañ go diñ puuli. Coocoo baan ge go lay, wer debaycoçoçre maga aà joñn wo see jar Juda wo mo no, Wer maga aà id wo ra go bay ree ti sir äaaran mono."
JOL.4.20," Mais Juda sera habité éternellement, et Jérusalem d'âge en âge.",__Error__,May Yuda ziyn ma lak haya' dok-doko. Jaf-sumun voksiya voksiya ma li ziy hay Yerusalem.,"Ve si ya Yuda bôt ba ye tabʼété éyoñ ése, nalé fe Yérusalém ataté miaé wu a kui miaé wu.","Mizli a sa paka hirwuy Zuda ngi caˀa, Zeruzaleme, a sa paka ngi sete.",__Error__,__Error__,__Error__,__Error__,Ama katenza mbeli mbe Zhəwda kaghala ghala ba'a mbe Zhɛrəzalɛm keshi keshi.,"Sir Juda joñ ge mbe de jar äil tum, Jerusalem dosen no lay, de kiñgi de kiñgi."
JOL.4.21, Et je laverai leur sang que je n'avais pas encore lavé. Et Yahweh habitera en Sion.,__Error__,"Busuwsi sumun ɦokom goyo, ma nan bay jobom yalam tuwana nan ma jobomu, Ma-Vatɗina ma mus dok-dok hay Siyon.","Ma ye fubu metyi map mme me nga bo teke fubu, a Nti a ye tabe Siôn.","Haˀaw, i ɓa njah, mizli a gam gwat ta. Ya Bumbulvuŋ, yi sa ndir a Siyoŋ.",__Error__,__Error__,__Error__,__Error__,"Kave hɛ 'ya kaka menetema fete, kaganda ne, kave hɛ kaka menetema fete. Katenza 'ya, 'ya Mahwətə pelɛ Siyon.»","Ndi sa' ge hee äaara maga ndi hay sa'n gaa ëa yañ go äuy, Day Manwur joñ ge yañ de tiñ ti Siyoñ."
